/*--------------------------------*- C++ -*----------------------------------*\
| =========                 |                                                 |
| \\      /  F ield         | OpenFOAM: The Open Source CFD Toolbox           |
|  \\    /   O peration     | Version:  2412                                  |
|   \\  /    A nd           | Website:  www.openfoam.com                      |
|    \\/     M anipulation  |                                                 |
\*---------------------------------------------------------------------------*/
FoamFile
{
    version     2.0;
    format      ascii;
    arch        "LSB;label=32;scalar=64";
    note        "nPoints:4540  nCells:3328  nFaces:11120  nInternalFaces:8848";
    class       labelList;
    location    "constant/polyMesh";
    object      neighbour;
}
// * * * * * * * * * * * * * * * * * * * * * * * * * * * * * * * * * * * * * //


8848
(
1
12
96
2
13
97
3
14
98
4
15
99
5
16
100
6
17
101
7
18
102
8
19
103
9
20
104
10
21
105
11
22
106
23
107
384
13
24
108
14
25
109
15
26
110
16
27
111
17
28
112
18
29
113
19
30
114
20
31
115
21
32
116
22
33
117
23
34
118
35
119
392
25
36
120
26
37
121
27
38
122
28
39
123
29
40
124
30
41
125
31
42
126
32
43
127
33
44
128
34
45
129
35
46
130
47
131
400
37
48
132
38
49
133
39
50
134
40
51
135
41
52
136
42
53
137
43
54
138
44
55
139
45
56
140
46
57
141
47
58
142
59
143
408
49
60
144
50
61
145
51
62
146
52
63
147
53
64
148
54
65
149
55
66
150
56
67
151
57
68
152
58
69
153
59
70
154
71
155
416
61
72
156
62
73
157
63
74
158
64
75
159
65
76
160
66
77
161
67
78
162
68
79
163
69
80
164
70
81
165
71
82
166
83
167
424
73
84
168
74
85
169
75
86
170
76
87
171
77
88
172
78
89
173
79
90
174
80
91
175
81
92
176
82
93
177
83
94
178
95
179
432
85
180
1408
86
181
1409
87
182
1410
88
183
1411
89
184
1412
90
185
1413
91
186
1414
92
187
1415
93
188
1416
94
189
1417
95
190
1418
191
440
1419
97
108
192
98
109
193
99
110
194
100
111
195
101
112
196
102
113
197
103
114
198
104
115
199
105
116
200
106
117
201
107
118
202
119
203
448
109
120
204
110
121
205
111
122
206
112
123
207
113
124
208
114
125
209
115
126
210
116
127
211
117
128
212
118
129
213
119
130
214
131
215
456
121
132
216
122
133
217
123
134
218
124
135
219
125
136
220
126
137
221
127
138
222
128
139
223
129
140
224
130
141
225
131
142
226
143
227
464
133
144
228
134
145
229
135
146
230
136
147
231
137
148
232
138
149
233
139
150
234
140
151
235
141
152
236
142
153
237
143
154
238
155
239
472
145
156
240
146
157
241
147
158
242
148
159
243
149
160
244
150
161
245
151
162
246
152
163
247
153
164
248
154
165
249
155
166
250
167
251
480
157
168
252
158
169
253
159
170
254
160
171
255
161
172
256
162
173
257
163
174
258
164
175
259
165
176
260
166
177
261
167
178
262
179
263
488
169
180
264
170
181
265
171
182
266
172
183
267
173
184
268
174
185
269
175
186
270
176
187
271
177
188
272
178
189
273
179
190
274
191
275
496
181
276
1504
182
277
1505
183
278
1506
184
279
1507
185
280
1508
186
281
1509
187
282
1510
188
283
1511
189
284
1512
190
285
1513
191
286
1514
287
504
1515
193
204
288
194
205
289
195
206
290
196
207
291
197
208
292
198
209
293
199
210
294
200
211
295
201
212
296
202
213
297
203
214
298
215
299
512
205
216
300
206
217
301
207
218
302
208
219
303
209
220
304
210
221
305
211
222
306
212
223
307
213
224
308
214
225
309
215
226
310
227
311
520
217
228
312
218
229
313
219
230
314
220
231
315
221
232
316
222
233
317
223
234
318
224
235
319
225
236
320
226
237
321
227
238
322
239
323
528
229
240
324
230
241
325
231
242
326
232
243
327
233
244
328
234
245
329
235
246
330
236
247
331
237
248
332
238
249
333
239
250
334
251
335
536
241
252
336
242
253
337
243
254
338
244
255
339
245
256
340
246
257
341
247
258
342
248
259
343
249
260
344
250
261
345
251
262
346
263
347
544
253
264
348
254
265
349
255
266
350
256
267
351
257
268
352
258
269
353
259
270
354
260
271
355
261
272
356
262
273
357
263
274
358
275
359
552
265
276
360
266
277
361
267
278
362
268
279
363
269
280
364
270
281
365
271
282
366
272
283
367
273
284
368
274
285
369
275
286
370
287
371
560
277
372
1600
278
373
1601
279
374
1602
280
375
1603
281
376
1604
282
377
1605
283
378
1606
284
379
1607
285
380
1608
286
381
1609
287
382
1610
383
568
1611
289
300
290
301
291
302
292
303
293
304
294
305
295
306
296
307
297
308
298
309
299
310
311
576
301
312
302
313
303
314
304
315
305
316
306
317
307
318
308
319
309
320
310
321
311
322
323
584
313
324
314
325
315
326
316
327
317
328
318
329
319
330
320
331
321
332
322
333
323
334
335
592
325
336
326
337
327
338
328
339
329
340
330
341
331
342
332
343
333
344
334
345
335
346
347
600
337
348
338
349
339
350
340
351
341
352
342
353
343
354
344
355
345
356
346
357
347
358
359
608
349
360
350
361
351
362
352
363
353
364
354
365
355
366
356
367
357
368
358
369
359
370
371
616
361
372
362
373
363
374
364
375
365
376
366
377
367
378
368
379
369
380
370
381
371
382
383
624
373
1696
374
1697
375
1698
376
1699
377
1700
378
1701
379
1702
380
1703
381
1704
382
1705
383
1706
632
1707
385
392
448
386
393
449
387
394
450
388
395
451
389
396
452
390
397
453
391
398
454
399
455
640
393
400
456
394
401
457
395
402
458
396
403
459
397
404
460
398
405
461
399
406
462
407
463
652
401
408
464
402
409
465
403
410
466
404
411
467
405
412
468
406
413
469
407
414
470
415
471
664
409
416
472
410
417
473
411
418
474
412
419
475
413
420
476
414
421
477
415
422
478
423
479
676
417
424
480
418
425
481
419
426
482
420
427
483
421
428
484
422
429
485
423
430
486
431
487
688
425
432
488
426
433
489
427
434
490
428
435
491
429
436
492
430
437
493
431
438
494
439
495
700
433
440
496
434
441
497
435
442
498
436
443
499
437
444
500
438
445
501
439
446
502
447
503
712
441
504
442
505
443
506
444
507
445
508
446
509
447
510
511
724
449
456
512
450
457
513
451
458
514
452
459
515
453
460
516
454
461
517
455
462
518
463
519
736
457
464
520
458
465
521
459
466
522
460
467
523
461
468
524
462
469
525
463
470
526
471
527
748
465
472
528
466
473
529
467
474
530
468
475
531
469
476
532
470
477
533
471
478
534
479
535
760
473
480
536
474
481
537
475
482
538
476
483
539
477
484
540
478
485
541
479
486
542
487
543
772
481
488
544
482
489
545
483
490
546
484
491
547
485
492
548
486
493
549
487
494
550
495
551
784
489
496
552
490
497
553
491
498
554
492
499
555
493
500
556
494
501
557
495
502
558
503
559
796
497
504
560
498
505
561
499
506
562
500
507
563
501
508
564
502
509
565
503
510
566
511
567
808
505
568
506
569
507
570
508
571
509
572
510
573
511
574
575
820
513
520
576
514
521
577
515
522
578
516
523
579
517
524
580
518
525
581
519
526
582
527
583
832
521
528
584
522
529
585
523
530
586
524
531
587
525
532
588
526
533
589
527
534
590
535
591
844
529
536
592
530
537
593
531
538
594
532
539
595
533
540
596
534
541
597
535
542
598
543
599
856
537
544
600
538
545
601
539
546
602
540
547
603
541
548
604
542
549
605
543
550
606
551
607
868
545
552
608
546
553
609
547
554
610
548
555
611
549
556
612
550
557
613
551
558
614
559
615
880
553
560
616
554
561
617
555
562
618
556
563
619
557
564
620
558
565
621
559
566
622
567
623
892
561
568
624
562
569
625
563
570
626
564
571
627
565
572
628
566
573
629
567
574
630
575
631
904
569
632
570
633
571
634
572
635
573
636
574
637
575
638
639
916
577
584
578
585
579
586
580
587
581
588
582
589
583
590
591
928
585
592
586
593
587
594
588
595
589
596
590
597
591
598
599
940
593
600
594
601
595
602
596
603
597
604
598
605
599
606
607
952
601
608
602
609
603
610
604
611
605
612
606
613
607
614
615
964
609
616
610
617
611
618
612
619
613
620
614
621
615
622
623
976
617
624
618
625
619
626
620
627
621
628
622
629
623
630
631
988
625
632
626
633
627
634
628
635
629
636
630
637
631
638
639
1000
633
634
635
636
637
638
639
1012
641
652
736
642
653
737
643
654
738
644
655
739
645
656
740
646
657
741
647
658
742
648
659
743
649
660
744
650
661
745
651
662
746
663
747
653
664
748
654
665
749
655
666
750
656
667
751
657
668
752
658
669
753
659
670
754
660
671
755
661
672
756
662
673
757
663
674
758
675
759
665
676
760
666
677
761
667
678
762
668
679
763
669
680
764
670
681
765
671
682
766
672
683
767
673
684
768
674
685
769
675
686
770
687
771
677
688
772
678
689
773
679
690
774
680
691
775
681
692
776
682
693
777
683
694
778
684
695
779
685
696
780
686
697
781
687
698
782
699
783
689
700
784
690
701
785
691
702
786
692
703
787
693
704
788
694
705
789
695
706
790
696
707
791
697
708
792
698
709
793
699
710
794
711
795
701
712
796
702
713
797
703
714
798
704
715
799
705
716
800
706
717
801
707
718
802
708
719
803
709
720
804
710
721
805
711
722
806
723
807
713
724
808
714
725
809
715
726
810
716
727
811
717
728
812
718
729
813
719
730
814
720
731
815
721
732
816
722
733
817
723
734
818
735
819
725
820
1024
726
821
1025
727
822
1026
728
823
1027
729
824
1028
730
825
1029
731
826
1030
732
827
1031
733
828
1032
734
829
1033
735
830
1034
831
1035
737
748
832
738
749
833
739
750
834
740
751
835
741
752
836
742
753
837
743
754
838
744
755
839
745
756
840
746
757
841
747
758
842
759
843
749
760
844
750
761
845
751
762
846
752
763
847
753
764
848
754
765
849
755
766
850
756
767
851
757
768
852
758
769
853
759
770
854
771
855
761
772
856
762
773
857
763
774
858
764
775
859
765
776
860
766
777
861
767
778
862
768
779
863
769
780
864
770
781
865
771
782
866
783
867
773
784
868
774
785
869
775
786
870
776
787
871
777
788
872
778
789
873
779
790
874
780
791
875
781
792
876
782
793
877
783
794
878
795
879
785
796
880
786
797
881
787
798
882
788
799
883
789
800
884
790
801
885
791
802
886
792
803
887
793
804
888
794
805
889
795
806
890
807
891
797
808
892
798
809
893
799
810
894
800
811
895
801
812
896
802
813
897
803
814
898
804
815
899
805
816
900
806
817
901
807
818
902
819
903
809
820
904
810
821
905
811
822
906
812
823
907
813
824
908
814
825
909
815
826
910
816
827
911
817
828
912
818
829
913
819
830
914
831
915
821
916
1120
822
917
1121
823
918
1122
824
919
1123
825
920
1124
826
921
1125
827
922
1126
828
923
1127
829
924
1128
830
925
1129
831
926
1130
927
1131
833
844
928
834
845
929
835
846
930
836
847
931
837
848
932
838
849
933
839
850
934
840
851
935
841
852
936
842
853
937
843
854
938
855
939
845
856
940
846
857
941
847
858
942
848
859
943
849
860
944
850
861
945
851
862
946
852
863
947
853
864
948
854
865
949
855
866
950
867
951
857
868
952
858
869
953
859
870
954
860
871
955
861
872
956
862
873
957
863
874
958
864
875
959
865
876
960
866
877
961
867
878
962
879
963
869
880
964
870
881
965
871
882
966
872
883
967
873
884
968
874
885
969
875
886
970
876
887
971
877
888
972
878
889
973
879
890
974
891
975
881
892
976
882
893
977
883
894
978
884
895
979
885
896
980
886
897
981
887
898
982
888
899
983
889
900
984
890
901
985
891
902
986
903
987
893
904
988
894
905
989
895
906
990
896
907
991
897
908
992
898
909
993
899
910
994
900
911
995
901
912
996
902
913
997
903
914
998
915
999
905
916
1000
906
917
1001
907
918
1002
908
919
1003
909
920
1004
910
921
1005
911
922
1006
912
923
1007
913
924
1008
914
925
1009
915
926
1010
927
1011
917
1012
1216
918
1013
1217
919
1014
1218
920
1015
1219
921
1016
1220
922
1017
1221
923
1018
1222
924
1019
1223
925
1020
1224
926
1021
1225
927
1022
1226
1023
1227
929
940
930
941
931
942
932
943
933
944
934
945
935
946
936
947
937
948
938
949
939
950
951
941
952
942
953
943
954
944
955
945
956
946
957
947
958
948
959
949
960
950
961
951
962
963
953
964
954
965
955
966
956
967
957
968
958
969
959
970
960
971
961
972
962
973
963
974
975
965
976
966
977
967
978
968
979
969
980
970
981
971
982
972
983
973
984
974
985
975
986
987
977
988
978
989
979
990
980
991
981
992
982
993
983
994
984
995
985
996
986
997
987
998
999
989
1000
990
1001
991
1002
992
1003
993
1004
994
1005
995
1006
996
1007
997
1008
998
1009
999
1010
1011
1001
1012
1002
1013
1003
1014
1004
1015
1005
1016
1006
1017
1007
1018
1008
1019
1009
1020
1010
1021
1011
1022
1023
1013
1312
1014
1313
1015
1314
1016
1315
1017
1316
1018
1317
1019
1318
1020
1319
1021
1320
1022
1321
1023
1322
1323
1025
1036
1120
1026
1037
1121
1027
1038
1122
1028
1039
1123
1029
1040
1124
1030
1041
1125
1031
1042
1126
1032
1043
1127
1033
1044
1128
1034
1045
1129
1035
1046
1130
1047
1131
1037
1048
1132
1038
1049
1133
1039
1050
1134
1040
1051
1135
1041
1052
1136
1042
1053
1137
1043
1054
1138
1044
1055
1139
1045
1056
1140
1046
1057
1141
1047
1058
1142
1059
1143
1049
1060
1144
1050
1061
1145
1051
1062
1146
1052
1063
1147
1053
1064
1148
1054
1065
1149
1055
1066
1150
1056
1067
1151
1057
1068
1152
1058
1069
1153
1059
1070
1154
1071
1155
1061
1072
1156
1062
1073
1157
1063
1074
1158
1064
1075
1159
1065
1076
1160
1066
1077
1161
1067
1078
1162
1068
1079
1163
1069
1080
1164
1070
1081
1165
1071
1082
1166
1083
1167
1073
1084
1168
1074
1085
1169
1075
1086
1170
1076
1087
1171
1077
1088
1172
1078
1089
1173
1079
1090
1174
1080
1091
1175
1081
1092
1176
1082
1093
1177
1083
1094
1178
1095
1179
1085
1096
1180
1086
1097
1181
1087
1098
1182
1088
1099
1183
1089
1100
1184
1090
1101
1185
1091
1102
1186
1092
1103
1187
1093
1104
1188
1094
1105
1189
1095
1106
1190
1107
1191
1097
1108
1192
1098
1109
1193
1099
1110
1194
1100
1111
1195
1101
1112
1196
1102
1113
1197
1103
1114
1198
1104
1115
1199
1105
1116
1200
1106
1117
1201
1107
1118
1202
1119
1203
1109
1204
2752
1110
1205
2753
1111
1206
2754
1112
1207
2755
1113
1208
2756
1114
1209
2757
1115
1210
2758
1116
1211
2759
1117
1212
2760
1118
1213
2761
1119
1214
2762
1215
2763
1121
1132
1216
1122
1133
1217
1123
1134
1218
1124
1135
1219
1125
1136
1220
1126
1137
1221
1127
1138
1222
1128
1139
1223
1129
1140
1224
1130
1141
1225
1131
1142
1226
1143
1227
1133
1144
1228
1134
1145
1229
1135
1146
1230
1136
1147
1231
1137
1148
1232
1138
1149
1233
1139
1150
1234
1140
1151
1235
1141
1152
1236
1142
1153
1237
1143
1154
1238
1155
1239
1145
1156
1240
1146
1157
1241
1147
1158
1242
1148
1159
1243
1149
1160
1244
1150
1161
1245
1151
1162
1246
1152
1163
1247
1153
1164
1248
1154
1165
1249
1155
1166
1250
1167
1251
1157
1168
1252
1158
1169
1253
1159
1170
1254
1160
1171
1255
1161
1172
1256
1162
1173
1257
1163
1174
1258
1164
1175
1259
1165
1176
1260
1166
1177
1261
1167
1178
1262
1179
1263
1169
1180
1264
1170
1181
1265
1171
1182
1266
1172
1183
1267
1173
1184
1268
1174
1185
1269
1175
1186
1270
1176
1187
1271
1177
1188
1272
1178
1189
1273
1179
1190
1274
1191
1275
1181
1192
1276
1182
1193
1277
1183
1194
1278
1184
1195
1279
1185
1196
1280
1186
1197
1281
1187
1198
1282
1188
1199
1283
1189
1200
1284
1190
1201
1285
1191
1202
1286
1203
1287
1193
1204
1288
1194
1205
1289
1195
1206
1290
1196
1207
1291
1197
1208
1292
1198
1209
1293
1199
1210
1294
1200
1211
1295
1201
1212
1296
1202
1213
1297
1203
1214
1298
1215
1299
1205
1300
2896
1206
1301
2897
1207
1302
2898
1208
1303
2899
1209
1304
2900
1210
1305
2901
1211
1306
2902
1212
1307
2903
1213
1308
2904
1214
1309
2905
1215
1310
2906
1311
2907
1217
1228
1312
1218
1229
1313
1219
1230
1314
1220
1231
1315
1221
1232
1316
1222
1233
1317
1223
1234
1318
1224
1235
1319
1225
1236
1320
1226
1237
1321
1227
1238
1322
1239
1323
1229
1240
1324
1230
1241
1325
1231
1242
1326
1232
1243
1327
1233
1244
1328
1234
1245
1329
1235
1246
1330
1236
1247
1331
1237
1248
1332
1238
1249
1333
1239
1250
1334
1251
1335
1241
1252
1336
1242
1253
1337
1243
1254
1338
1244
1255
1339
1245
1256
1340
1246
1257
1341
1247
1258
1342
1248
1259
1343
1249
1260
1344
1250
1261
1345
1251
1262
1346
1263
1347
1253
1264
1348
1254
1265
1349
1255
1266
1350
1256
1267
1351
1257
1268
1352
1258
1269
1353
1259
1270
1354
1260
1271
1355
1261
1272
1356
1262
1273
1357
1263
1274
1358
1275
1359
1265
1276
1360
1266
1277
1361
1267
1278
1362
1268
1279
1363
1269
1280
1364
1270
1281
1365
1271
1282
1366
1272
1283
1367
1273
1284
1368
1274
1285
1369
1275
1286
1370
1287
1371
1277
1288
1372
1278
1289
1373
1279
1290
1374
1280
1291
1375
1281
1292
1376
1282
1293
1377
1283
1294
1378
1284
1295
1379
1285
1296
1380
1286
1297
1381
1287
1298
1382
1299
1383
1289
1300
1384
1290
1301
1385
1291
1302
1386
1292
1303
1387
1293
1304
1388
1294
1305
1389
1295
1306
1390
1296
1307
1391
1297
1308
1392
1298
1309
1393
1299
1310
1394
1311
1395
1301
1396
3040
1302
1397
3041
1303
1398
3042
1304
1399
3043
1305
1400
3044
1306
1401
3045
1307
1402
3046
1308
1403
3047
1309
1404
3048
1310
1405
3049
1311
1406
3050
1407
3051
1313
1324
1314
1325
1315
1326
1316
1327
1317
1328
1318
1329
1319
1330
1320
1331
1321
1332
1322
1333
1323
1334
1335
1325
1336
1326
1337
1327
1338
1328
1339
1329
1340
1330
1341
1331
1342
1332
1343
1333
1344
1334
1345
1335
1346
1347
1337
1348
1338
1349
1339
1350
1340
1351
1341
1352
1342
1353
1343
1354
1344
1355
1345
1356
1346
1357
1347
1358
1359
1349
1360
1350
1361
1351
1362
1352
1363
1353
1364
1354
1365
1355
1366
1356
1367
1357
1368
1358
1369
1359
1370
1371
1361
1372
1362
1373
1363
1374
1364
1375
1365
1376
1366
1377
1367
1378
1368
1379
1369
1380
1370
1381
1371
1382
1383
1373
1384
1374
1385
1375
1386
1376
1387
1377
1388
1378
1389
1379
1390
1380
1391
1381
1392
1382
1393
1383
1394
1395
1385
1396
1386
1397
1387
1398
1388
1399
1389
1400
1390
1401
1391
1402
1392
1403
1393
1404
1394
1405
1395
1406
1407
1397
3184
1398
3185
1399
3186
1400
3187
1401
3188
1402
3189
1403
3190
1404
3191
1405
3192
1406
3193
1407
3194
3195
1409
1420
1504
1410
1421
1505
1411
1422
1506
1412
1423
1507
1413
1424
1508
1414
1425
1509
1415
1426
1510
1416
1427
1511
1417
1428
1512
1418
1429
1513
1419
1430
1514
1431
1515
1421
1432
1516
1422
1433
1517
1423
1434
1518
1424
1435
1519
1425
1436
1520
1426
1437
1521
1427
1438
1522
1428
1439
1523
1429
1440
1524
1430
1441
1525
1431
1442
1526
1443
1527
1433
1444
1528
1434
1445
1529
1435
1446
1530
1436
1447
1531
1437
1448
1532
1438
1449
1533
1439
1450
1534
1440
1451
1535
1441
1452
1536
1442
1453
1537
1443
1454
1538
1455
1539
1445
1456
1540
1446
1457
1541
1447
1458
1542
1448
1459
1543
1449
1460
1544
1450
1461
1545
1451
1462
1546
1452
1463
1547
1453
1464
1548
1454
1465
1549
1455
1466
1550
1467
1551
1457
1468
1552
1458
1469
1553
1459
1470
1554
1460
1471
1555
1461
1472
1556
1462
1473
1557
1463
1474
1558
1464
1475
1559
1465
1476
1560
1466
1477
1561
1467
1478
1562
1479
1563
1469
1480
1564
1470
1481
1565
1471
1482
1566
1472
1483
1567
1473
1484
1568
1474
1485
1569
1475
1486
1570
1476
1487
1571
1477
1488
1572
1478
1489
1573
1479
1490
1574
1491
1575
1481
1492
1576
1482
1493
1577
1483
1494
1578
1484
1495
1579
1485
1496
1580
1486
1497
1581
1487
1498
1582
1488
1499
1583
1489
1500
1584
1490
1501
1585
1491
1502
1586
1503
1587
1493
1588
1792
1494
1589
1793
1495
1590
1794
1496
1591
1795
1497
1592
1796
1498
1593
1797
1499
1594
1798
1500
1595
1799
1501
1596
1800
1502
1597
1801
1503
1598
1802
1599
1803
1505
1516
1600
1506
1517
1601
1507
1518
1602
1508
1519
1603
1509
1520
1604
1510
1521
1605
1511
1522
1606
1512
1523
1607
1513
1524
1608
1514
1525
1609
1515
1526
1610
1527
1611
1517
1528
1612
1518
1529
1613
1519
1530
1614
1520
1531
1615
1521
1532
1616
1522
1533
1617
1523
1534
1618
1524
1535
1619
1525
1536
1620
1526
1537
1621
1527
1538
1622
1539
1623
1529
1540
1624
1530
1541
1625
1531
1542
1626
1532
1543
1627
1533
1544
1628
1534
1545
1629
1535
1546
1630
1536
1547
1631
1537
1548
1632
1538
1549
1633
1539
1550
1634
1551
1635
1541
1552
1636
1542
1553
1637
1543
1554
1638
1544
1555
1639
1545
1556
1640
1546
1557
1641
1547
1558
1642
1548
1559
1643
1549
1560
1644
1550
1561
1645
1551
1562
1646
1563
1647
1553
1564
1648
1554
1565
1649
1555
1566
1650
1556
1567
1651
1557
1568
1652
1558
1569
1653
1559
1570
1654
1560
1571
1655
1561
1572
1656
1562
1573
1657
1563
1574
1658
1575
1659
1565
1576
1660
1566
1577
1661
1567
1578
1662
1568
1579
1663
1569
1580
1664
1570
1581
1665
1571
1582
1666
1572
1583
1667
1573
1584
1668
1574
1585
1669
1575
1586
1670
1587
1671
1577
1588
1672
1578
1589
1673
1579
1590
1674
1580
1591
1675
1581
1592
1676
1582
1593
1677
1583
1594
1678
1584
1595
1679
1585
1596
1680
1586
1597
1681
1587
1598
1682
1599
1683
1589
1684
1936
1590
1685
1937
1591
1686
1938
1592
1687
1939
1593
1688
1940
1594
1689
1941
1595
1690
1942
1596
1691
1943
1597
1692
1944
1598
1693
1945
1599
1694
1946
1695
1947
1601
1612
1696
1602
1613
1697
1603
1614
1698
1604
1615
1699
1605
1616
1700
1606
1617
1701
1607
1618
1702
1608
1619
1703
1609
1620
1704
1610
1621
1705
1611
1622
1706
1623
1707
1613
1624
1708
1614
1625
1709
1615
1626
1710
1616
1627
1711
1617
1628
1712
1618
1629
1713
1619
1630
1714
1620
1631
1715
1621
1632
1716
1622
1633
1717
1623
1634
1718
1635
1719
1625
1636
1720
1626
1637
1721
1627
1638
1722
1628
1639
1723
1629
1640
1724
1630
1641
1725
1631
1642
1726
1632
1643
1727
1633
1644
1728
1634
1645
1729
1635
1646
1730
1647
1731
1637
1648
1732
1638
1649
1733
1639
1650
1734
1640
1651
1735
1641
1652
1736
1642
1653
1737
1643
1654
1738
1644
1655
1739
1645
1656
1740
1646
1657
1741
1647
1658
1742
1659
1743
1649
1660
1744
1650
1661
1745
1651
1662
1746
1652
1663
1747
1653
1664
1748
1654
1665
1749
1655
1666
1750
1656
1667
1751
1657
1668
1752
1658
1669
1753
1659
1670
1754
1671
1755
1661
1672
1756
1662
1673
1757
1663
1674
1758
1664
1675
1759
1665
1676
1760
1666
1677
1761
1667
1678
1762
1668
1679
1763
1669
1680
1764
1670
1681
1765
1671
1682
1766
1683
1767
1673
1684
1768
1674
1685
1769
1675
1686
1770
1676
1687
1771
1677
1688
1772
1678
1689
1773
1679
1690
1774
1680
1691
1775
1681
1692
1776
1682
1693
1777
1683
1694
1778
1695
1779
1685
1780
2080
1686
1781
2081
1687
1782
2082
1688
1783
2083
1689
1784
2084
1690
1785
2085
1691
1786
2086
1692
1787
2087
1693
1788
2088
1694
1789
2089
1695
1790
2090
1791
2091
1697
1708
1698
1709
1699
1710
1700
1711
1701
1712
1702
1713
1703
1714
1704
1715
1705
1716
1706
1717
1707
1718
1719
1709
1720
1710
1721
1711
1722
1712
1723
1713
1724
1714
1725
1715
1726
1716
1727
1717
1728
1718
1729
1719
1730
1731
1721
1732
1722
1733
1723
1734
1724
1735
1725
1736
1726
1737
1727
1738
1728
1739
1729
1740
1730
1741
1731
1742
1743
1733
1744
1734
1745
1735
1746
1736
1747
1737
1748
1738
1749
1739
1750
1740
1751
1741
1752
1742
1753
1743
1754
1755
1745
1756
1746
1757
1747
1758
1748
1759
1749
1760
1750
1761
1751
1762
1752
1763
1753
1764
1754
1765
1755
1766
1767
1757
1768
1758
1769
1759
1770
1760
1771
1761
1772
1762
1773
1763
1774
1764
1775
1765
1776
1766
1777
1767
1778
1779
1769
1780
1770
1781
1771
1782
1772
1783
1773
1784
1774
1785
1775
1786
1776
1787
1777
1788
1778
1789
1779
1790
1791
1781
2224
1782
2225
1783
2226
1784
2227
1785
2228
1786
2229
1787
2230
1788
2231
1789
2232
1790
2233
1791
2234
2235
1793
1804
1936
1794
1805
1937
1795
1806
1938
1796
1807
1939
1797
1808
1940
1798
1809
1941
1799
1810
1942
1800
1811
1943
1801
1812
1944
1802
1813
1945
1803
1814
1946
1815
1947
2368
1805
1816
1948
1806
1817
1949
1807
1818
1950
1808
1819
1951
1809
1820
1952
1810
1821
1953
1811
1822
1954
1812
1823
1955
1813
1824
1956
1814
1825
1957
1815
1826
1958
1827
1959
2376
1817
1828
1960
1818
1829
1961
1819
1830
1962
1820
1831
1963
1821
1832
1964
1822
1833
1965
1823
1834
1966
1824
1835
1967
1825
1836
1968
1826
1837
1969
1827
1838
1970
1839
1971
2384
1829
1840
1972
1830
1841
1973
1831
1842
1974
1832
1843
1975
1833
1844
1976
1834
1845
1977
1835
1846
1978
1836
1847
1979
1837
1848
1980
1838
1849
1981
1839
1850
1982
1851
1983
2392
1841
1852
1984
1842
1853
1985
1843
1854
1986
1844
1855
1987
1845
1856
1988
1846
1857
1989
1847
1858
1990
1848
1859
1991
1849
1860
1992
1850
1861
1993
1851
1862
1994
1863
1995
2400
1853
1864
1996
1854
1865
1997
1855
1866
1998
1856
1867
1999
1857
1868
2000
1858
1869
2001
1859
1870
2002
1860
1871
2003
1861
1872
2004
1862
1873
2005
1863
1874
2006
1875
2007
2408
1865
1876
2008
1866
1877
2009
1867
1878
2010
1868
1879
2011
1869
1880
2012
1870
1881
2013
1871
1882
2014
1872
1883
2015
1873
1884
2016
1874
1885
2017
1875
1886
2018
1887
2019
2416
1877
1888
2020
1878
1889
2021
1879
1890
2022
1880
1891
2023
1881
1892
2024
1882
1893
2025
1883
1894
2026
1884
1895
2027
1885
1896
2028
1886
1897
2029
1887
1898
2030
1899
2031
2424
1889
1900
2032
1890
1901
2033
1891
1902
2034
1892
1903
2035
1893
1904
2036
1894
1905
2037
1895
1906
2038
1896
1907
2039
1897
1908
2040
1898
1909
2041
1899
1910
2042
1911
2043
2432
1901
1912
2044
1902
1913
2045
1903
1914
2046
1904
1915
2047
1905
1916
2048
1906
1917
2049
1907
1918
2050
1908
1919
2051
1909
1920
2052
1910
1921
2053
1911
1922
2054
1923
2055
2440
1913
1924
2056
1914
1925
2057
1915
1926
2058
1916
1927
2059
1917
1928
2060
1918
1929
2061
1919
1930
2062
1920
1931
2063
1921
1932
2064
1922
1933
2065
1923
1934
2066
1935
2067
2448
1925
2068
1926
2069
1927
2070
1928
2071
1929
2072
1930
2073
1931
2074
1932
2075
1933
2076
1934
2077
1935
2078
2079
2456
1937
1948
2080
1938
1949
2081
1939
1950
2082
1940
1951
2083
1941
1952
2084
1942
1953
2085
1943
1954
2086
1944
1955
2087
1945
1956
2088
1946
1957
2089
1947
1958
2090
1959
2091
2464
1949
1960
2092
1950
1961
2093
1951
1962
2094
1952
1963
2095
1953
1964
2096
1954
1965
2097
1955
1966
2098
1956
1967
2099
1957
1968
2100
1958
1969
2101
1959
1970
2102
1971
2103
2472
1961
1972
2104
1962
1973
2105
1963
1974
2106
1964
1975
2107
1965
1976
2108
1966
1977
2109
1967
1978
2110
1968
1979
2111
1969
1980
2112
1970
1981
2113
1971
1982
2114
1983
2115
2480
1973
1984
2116
1974
1985
2117
1975
1986
2118
1976
1987
2119
1977
1988
2120
1978
1989
2121
1979
1990
2122
1980
1991
2123
1981
1992
2124
1982
1993
2125
1983
1994
2126
1995
2127
2488
1985
1996
2128
1986
1997
2129
1987
1998
2130
1988
1999
2131
1989
2000
2132
1990
2001
2133
1991
2002
2134
1992
2003
2135
1993
2004
2136
1994
2005
2137
1995
2006
2138
2007
2139
2496
1997
2008
2140
1998
2009
2141
1999
2010
2142
2000
2011
2143
2001
2012
2144
2002
2013
2145
2003
2014
2146
2004
2015
2147
2005
2016
2148
2006
2017
2149
2007
2018
2150
2019
2151
2504
2009
2020
2152
2010
2021
2153
2011
2022
2154
2012
2023
2155
2013
2024
2156
2014
2025
2157
2015
2026
2158
2016
2027
2159
2017
2028
2160
2018
2029
2161
2019
2030
2162
2031
2163
2512
2021
2032
2164
2022
2033
2165
2023
2034
2166
2024
2035
2167
2025
2036
2168
2026
2037
2169
2027
2038
2170
2028
2039
2171
2029
2040
2172
2030
2041
2173
2031
2042
2174
2043
2175
2520
2033
2044
2176
2034
2045
2177
2035
2046
2178
2036
2047
2179
2037
2048
2180
2038
2049
2181
2039
2050
2182
2040
2051
2183
2041
2052
2184
2042
2053
2185
2043
2054
2186
2055
2187
2528
2045
2056
2188
2046
2057
2189
2047
2058
2190
2048
2059
2191
2049
2060
2192
2050
2061
2193
2051
2062
2194
2052
2063
2195
2053
2064
2196
2054
2065
2197
2055
2066
2198
2067
2199
2536
2057
2068
2200
2058
2069
2201
2059
2070
2202
2060
2071
2203
2061
2072
2204
2062
2073
2205
2063
2074
2206
2064
2075
2207
2065
2076
2208
2066
2077
2209
2067
2078
2210
2079
2211
2544
2069
2212
2070
2213
2071
2214
2072
2215
2073
2216
2074
2217
2075
2218
2076
2219
2077
2220
2078
2221
2079
2222
2223
2552
2081
2092
2224
2082
2093
2225
2083
2094
2226
2084
2095
2227
2085
2096
2228
2086
2097
2229
2087
2098
2230
2088
2099
2231
2089
2100
2232
2090
2101
2233
2091
2102
2234
2103
2235
2560
2093
2104
2236
2094
2105
2237
2095
2106
2238
2096
2107
2239
2097
2108
2240
2098
2109
2241
2099
2110
2242
2100
2111
2243
2101
2112
2244
2102
2113
2245
2103
2114
2246
2115
2247
2568
2105
2116
2248
2106
2117
2249
2107
2118
2250
2108
2119
2251
2109
2120
2252
2110
2121
2253
2111
2122
2254
2112
2123
2255
2113
2124
2256
2114
2125
2257
2115
2126
2258
2127
2259
2576
2117
2128
2260
2118
2129
2261
2119
2130
2262
2120
2131
2263
2121
2132
2264
2122
2133
2265
2123
2134
2266
2124
2135
2267
2125
2136
2268
2126
2137
2269
2127
2138
2270
2139
2271
2584
2129
2140
2272
2130
2141
2273
2131
2142
2274
2132
2143
2275
2133
2144
2276
2134
2145
2277
2135
2146
2278
2136
2147
2279
2137
2148
2280
2138
2149
2281
2139
2150
2282
2151
2283
2592
2141
2152
2284
2142
2153
2285
2143
2154
2286
2144
2155
2287
2145
2156
2288
2146
2157
2289
2147
2158
2290
2148
2159
2291
2149
2160
2292
2150
2161
2293
2151
2162
2294
2163
2295
2600
2153
2164
2296
2154
2165
2297
2155
2166
2298
2156
2167
2299
2157
2168
2300
2158
2169
2301
2159
2170
2302
2160
2171
2303
2161
2172
2304
2162
2173
2305
2163
2174
2306
2175
2307
2608
2165
2176
2308
2166
2177
2309
2167
2178
2310
2168
2179
2311
2169
2180
2312
2170
2181
2313
2171
2182
2314
2172
2183
2315
2173
2184
2316
2174
2185
2317
2175
2186
2318
2187
2319
2616
2177
2188
2320
2178
2189
2321
2179
2190
2322
2180
2191
2323
2181
2192
2324
2182
2193
2325
2183
2194
2326
2184
2195
2327
2185
2196
2328
2186
2197
2329
2187
2198
2330
2199
2331
2624
2189
2200
2332
2190
2201
2333
2191
2202
2334
2192
2203
2335
2193
2204
2336
2194
2205
2337
2195
2206
2338
2196
2207
2339
2197
2208
2340
2198
2209
2341
2199
2210
2342
2211
2343
2632
2201
2212
2344
2202
2213
2345
2203
2214
2346
2204
2215
2347
2205
2216
2348
2206
2217
2349
2207
2218
2350
2208
2219
2351
2209
2220
2352
2210
2221
2353
2211
2222
2354
2223
2355
2640
2213
2356
2214
2357
2215
2358
2216
2359
2217
2360
2218
2361
2219
2362
2220
2363
2221
2364
2222
2365
2223
2366
2367
2648
2225
2236
2226
2237
2227
2238
2228
2239
2229
2240
2230
2241
2231
2242
2232
2243
2233
2244
2234
2245
2235
2246
2247
2656
2237
2248
2238
2249
2239
2250
2240
2251
2241
2252
2242
2253
2243
2254
2244
2255
2245
2256
2246
2257
2247
2258
2259
2664
2249
2260
2250
2261
2251
2262
2252
2263
2253
2264
2254
2265
2255
2266
2256
2267
2257
2268
2258
2269
2259
2270
2271
2672
2261
2272
2262
2273
2263
2274
2264
2275
2265
2276
2266
2277
2267
2278
2268
2279
2269
2280
2270
2281
2271
2282
2283
2680
2273
2284
2274
2285
2275
2286
2276
2287
2277
2288
2278
2289
2279
2290
2280
2291
2281
2292
2282
2293
2283
2294
2295
2688
2285
2296
2286
2297
2287
2298
2288
2299
2289
2300
2290
2301
2291
2302
2292
2303
2293
2304
2294
2305
2295
2306
2307
2696
2297
2308
2298
2309
2299
2310
2300
2311
2301
2312
2302
2313
2303
2314
2304
2315
2305
2316
2306
2317
2307
2318
2319
2704
2309
2320
2310
2321
2311
2322
2312
2323
2313
2324
2314
2325
2315
2326
2316
2327
2317
2328
2318
2329
2319
2330
2331
2712
2321
2332
2322
2333
2323
2334
2324
2335
2325
2336
2326
2337
2327
2338
2328
2339
2329
2340
2330
2341
2331
2342
2343
2720
2333
2344
2334
2345
2335
2346
2336
2347
2337
2348
2338
2349
2339
2350
2340
2351
2341
2352
2342
2353
2343
2354
2355
2728
2345
2356
2346
2357
2347
2358
2348
2359
2349
2360
2350
2361
2351
2362
2352
2363
2353
2364
2354
2365
2355
2366
2367
2736
2357
2358
2359
2360
2361
2362
2363
2364
2365
2366
2367
2744
2369
2376
2464
2370
2377
2465
2371
2378
2466
2372
2379
2467
2373
2380
2468
2374
2381
2469
2375
2382
2470
2383
2471
2752
2377
2384
2472
2378
2385
2473
2379
2386
2474
2380
2387
2475
2381
2388
2476
2382
2389
2477
2383
2390
2478
2391
2479
2764
2385
2392
2480
2386
2393
2481
2387
2394
2482
2388
2395
2483
2389
2396
2484
2390
2397
2485
2391
2398
2486
2399
2487
2776
2393
2400
2488
2394
2401
2489
2395
2402
2490
2396
2403
2491
2397
2404
2492
2398
2405
2493
2399
2406
2494
2407
2495
2788
2401
2408
2496
2402
2409
2497
2403
2410
2498
2404
2411
2499
2405
2412
2500
2406
2413
2501
2407
2414
2502
2415
2503
2800
2409
2416
2504
2410
2417
2505
2411
2418
2506
2412
2419
2507
2413
2420
2508
2414
2421
2509
2415
2422
2510
2423
2511
2812
2417
2424
2512
2418
2425
2513
2419
2426
2514
2420
2427
2515
2421
2428
2516
2422
2429
2517
2423
2430
2518
2431
2519
2824
2425
2432
2520
2426
2433
2521
2427
2434
2522
2428
2435
2523
2429
2436
2524
2430
2437
2525
2431
2438
2526
2439
2527
2836
2433
2440
2528
2434
2441
2529
2435
2442
2530
2436
2443
2531
2437
2444
2532
2438
2445
2533
2439
2446
2534
2447
2535
2848
2441
2448
2536
2442
2449
2537
2443
2450
2538
2444
2451
2539
2445
2452
2540
2446
2453
2541
2447
2454
2542
2455
2543
2860
2449
2456
2544
2450
2457
2545
2451
2458
2546
2452
2459
2547
2453
2460
2548
2454
2461
2549
2455
2462
2550
2463
2551
2872
2457
2552
2458
2553
2459
2554
2460
2555
2461
2556
2462
2557
2463
2558
2559
2884
2465
2472
2560
2466
2473
2561
2467
2474
2562
2468
2475
2563
2469
2476
2564
2470
2477
2565
2471
2478
2566
2479
2567
2896
2473
2480
2568
2474
2481
2569
2475
2482
2570
2476
2483
2571
2477
2484
2572
2478
2485
2573
2479
2486
2574
2487
2575
2908
2481
2488
2576
2482
2489
2577
2483
2490
2578
2484
2491
2579
2485
2492
2580
2486
2493
2581
2487
2494
2582
2495
2583
2920
2489
2496
2584
2490
2497
2585
2491
2498
2586
2492
2499
2587
2493
2500
2588
2494
2501
2589
2495
2502
2590
2503
2591
2932
2497
2504
2592
2498
2505
2593
2499
2506
2594
2500
2507
2595
2501
2508
2596
2502
2509
2597
2503
2510
2598
2511
2599
2944
2505
2512
2600
2506
2513
2601
2507
2514
2602
2508
2515
2603
2509
2516
2604
2510
2517
2605
2511
2518
2606
2519
2607
2956
2513
2520
2608
2514
2521
2609
2515
2522
2610
2516
2523
2611
2517
2524
2612
2518
2525
2613
2519
2526
2614
2527
2615
2968
2521
2528
2616
2522
2529
2617
2523
2530
2618
2524
2531
2619
2525
2532
2620
2526
2533
2621
2527
2534
2622
2535
2623
2980
2529
2536
2624
2530
2537
2625
2531
2538
2626
2532
2539
2627
2533
2540
2628
2534
2541
2629
2535
2542
2630
2543
2631
2992
2537
2544
2632
2538
2545
2633
2539
2546
2634
2540
2547
2635
2541
2548
2636
2542
2549
2637
2543
2550
2638
2551
2639
3004
2545
2552
2640
2546
2553
2641
2547
2554
2642
2548
2555
2643
2549
2556
2644
2550
2557
2645
2551
2558
2646
2559
2647
3016
2553
2648
2554
2649
2555
2650
2556
2651
2557
2652
2558
2653
2559
2654
2655
3028
2561
2568
2656
2562
2569
2657
2563
2570
2658
2564
2571
2659
2565
2572
2660
2566
2573
2661
2567
2574
2662
2575
2663
3040
2569
2576
2664
2570
2577
2665
2571
2578
2666
2572
2579
2667
2573
2580
2668
2574
2581
2669
2575
2582
2670
2583
2671
3052
2577
2584
2672
2578
2585
2673
2579
2586
2674
2580
2587
2675
2581
2588
2676
2582
2589
2677
2583
2590
2678
2591
2679
3064
2585
2592
2680
2586
2593
2681
2587
2594
2682
2588
2595
2683
2589
2596
2684
2590
2597
2685
2591
2598
2686
2599
2687
3076
2593
2600
2688
2594
2601
2689
2595
2602
2690
2596
2603
2691
2597
2604
2692
2598
2605
2693
2599
2606
2694
2607
2695
3088
2601
2608
2696
2602
2609
2697
2603
2610
2698
2604
2611
2699
2605
2612
2700
2606
2613
2701
2607
2614
2702
2615
2703
3100
2609
2616
2704
2610
2617
2705
2611
2618
2706
2612
2619
2707
2613
2620
2708
2614
2621
2709
2615
2622
2710
2623
2711
3112
2617
2624
2712
2618
2625
2713
2619
2626
2714
2620
2627
2715
2621
2628
2716
2622
2629
2717
2623
2630
2718
2631
2719
3124
2625
2632
2720
2626
2633
2721
2627
2634
2722
2628
2635
2723
2629
2636
2724
2630
2637
2725
2631
2638
2726
2639
2727
3136
2633
2640
2728
2634
2641
2729
2635
2642
2730
2636
2643
2731
2637
2644
2732
2638
2645
2733
2639
2646
2734
2647
2735
3148
2641
2648
2736
2642
2649
2737
2643
2650
2738
2644
2651
2739
2645
2652
2740
2646
2653
2741
2647
2654
2742
2655
2743
3160
2649
2744
2650
2745
2651
2746
2652
2747
2653
2748
2654
2749
2655
2750
2751
3172
2657
2664
2658
2665
2659
2666
2660
2667
2661
2668
2662
2669
2663
2670
2671
3184
2665
2672
2666
2673
2667
2674
2668
2675
2669
2676
2670
2677
2671
2678
2679
3196
2673
2680
2674
2681
2675
2682
2676
2683
2677
2684
2678
2685
2679
2686
2687
3208
2681
2688
2682
2689
2683
2690
2684
2691
2685
2692
2686
2693
2687
2694
2695
3220
2689
2696
2690
2697
2691
2698
2692
2699
2693
2700
2694
2701
2695
2702
2703
3232
2697
2704
2698
2705
2699
2706
2700
2707
2701
2708
2702
2709
2703
2710
2711
3244
2705
2712
2706
2713
2707
2714
2708
2715
2709
2716
2710
2717
2711
2718
2719
3256
2713
2720
2714
2721
2715
2722
2716
2723
2717
2724
2718
2725
2719
2726
2727
3268
2721
2728
2722
2729
2723
2730
2724
2731
2725
2732
2726
2733
2727
2734
2735
3280
2729
2736
2730
2737
2731
2738
2732
2739
2733
2740
2734
2741
2735
2742
2743
3292
2737
2744
2738
2745
2739
2746
2740
2747
2741
2748
2742
2749
2743
2750
2751
3304
2745
2746
2747
2748
2749
2750
2751
3316
2753
2764
2896
2754
2765
2897
2755
2766
2898
2756
2767
2899
2757
2768
2900
2758
2769
2901
2759
2770
2902
2760
2771
2903
2761
2772
2904
2762
2773
2905
2763
2774
2906
2775
2907
2765
2776
2908
2766
2777
2909
2767
2778
2910
2768
2779
2911
2769
2780
2912
2770
2781
2913
2771
2782
2914
2772
2783
2915
2773
2784
2916
2774
2785
2917
2775
2786
2918
2787
2919
2777
2788
2920
2778
2789
2921
2779
2790
2922
2780
2791
2923
2781
2792
2924
2782
2793
2925
2783
2794
2926
2784
2795
2927
2785
2796
2928
2786
2797
2929
2787
2798
2930
2799
2931
2789
2800
2932
2790
2801
2933
2791
2802
2934
2792
2803
2935
2793
2804
2936
2794
2805
2937
2795
2806
2938
2796
2807
2939
2797
2808
2940
2798
2809
2941
2799
2810
2942
2811
2943
2801
2812
2944
2802
2813
2945
2803
2814
2946
2804
2815
2947
2805
2816
2948
2806
2817
2949
2807
2818
2950
2808
2819
2951
2809
2820
2952
2810
2821
2953
2811
2822
2954
2823
2955
2813
2824
2956
2814
2825
2957
2815
2826
2958
2816
2827
2959
2817
2828
2960
2818
2829
2961
2819
2830
2962
2820
2831
2963
2821
2832
2964
2822
2833
2965
2823
2834
2966
2835
2967
2825
2836
2968
2826
2837
2969
2827
2838
2970
2828
2839
2971
2829
2840
2972
2830
2841
2973
2831
2842
2974
2832
2843
2975
2833
2844
2976
2834
2845
2977
2835
2846
2978
2847
2979
2837
2848
2980
2838
2849
2981
2839
2850
2982
2840
2851
2983
2841
2852
2984
2842
2853
2985
2843
2854
2986
2844
2855
2987
2845
2856
2988
2846
2857
2989
2847
2858
2990
2859
2991
2849
2860
2992
2850
2861
2993
2851
2862
2994
2852
2863
2995
2853
2864
2996
2854
2865
2997
2855
2866
2998
2856
2867
2999
2857
2868
3000
2858
2869
3001
2859
2870
3002
2871
3003
2861
2872
3004
2862
2873
3005
2863
2874
3006
2864
2875
3007
2865
2876
3008
2866
2877
3009
2867
2878
3010
2868
2879
3011
2869
2880
3012
2870
2881
3013
2871
2882
3014
2883
3015
2873
2884
3016
2874
2885
3017
2875
2886
3018
2876
2887
3019
2877
2888
3020
2878
2889
3021
2879
2890
3022
2880
2891
3023
2881
2892
3024
2882
2893
3025
2883
2894
3026
2895
3027
2885
3028
2886
3029
2887
3030
2888
3031
2889
3032
2890
3033
2891
3034
2892
3035
2893
3036
2894
3037
2895
3038
3039
2897
2908
3040
2898
2909
3041
2899
2910
3042
2900
2911
3043
2901
2912
3044
2902
2913
3045
2903
2914
3046
2904
2915
3047
2905
2916
3048
2906
2917
3049
2907
2918
3050
2919
3051
2909
2920
3052
2910
2921
3053
2911
2922
3054
2912
2923
3055
2913
2924
3056
2914
2925
3057
2915
2926
3058
2916
2927
3059
2917
2928
3060
2918
2929
3061
2919
2930
3062
2931
3063
2921
2932
3064
2922
2933
3065
2923
2934
3066
2924
2935
3067
2925
2936
3068
2926
2937
3069
2927
2938
3070
2928
2939
3071
2929
2940
3072
2930
2941
3073
2931
2942
3074
2943
3075
2933
2944
3076
2934
2945
3077
2935
2946
3078
2936
2947
3079
2937
2948
3080
2938
2949
3081
2939
2950
3082
2940
2951
3083
2941
2952
3084
2942
2953
3085
2943
2954
3086
2955
3087
2945
2956
3088
2946
2957
3089
2947
2958
3090
2948
2959
3091
2949
2960
3092
2950
2961
3093
2951
2962
3094
2952
2963
3095
2953
2964
3096
2954
2965
3097
2955
2966
3098
2967
3099
2957
2968
3100
2958
2969
3101
2959
2970
3102
2960
2971
3103
2961
2972
3104
2962
2973
3105
2963
2974
3106
2964
2975
3107
2965
2976
3108
2966
2977
3109
2967
2978
3110
2979
3111
2969
2980
3112
2970
2981
3113
2971
2982
3114
2972
2983
3115
2973
2984
3116
2974
2985
3117
2975
2986
3118
2976
2987
3119
2977
2988
3120
2978
2989
3121
2979
2990
3122
2991
3123
2981
2992
3124
2982
2993
3125
2983
2994
3126
2984
2995
3127
2985
2996
3128
2986
2997
3129
2987
2998
3130
2988
2999
3131
2989
3000
3132
2990
3001
3133
2991
3002
3134
3003
3135
2993
3004
3136
2994
3005
3137
2995
3006
3138
2996
3007
3139
2997
3008
3140
2998
3009
3141
2999
3010
3142
3000
3011
3143
3001
3012
3144
3002
3013
3145
3003
3014
3146
3015
3147
3005
3016
3148
3006
3017
3149
3007
3018
3150
3008
3019
3151
3009
3020
3152
3010
3021
3153
3011
3022
3154
3012
3023
3155
3013
3024
3156
3014
3025
3157
3015
3026
3158
3027
3159
3017
3028
3160
3018
3029
3161
3019
3030
3162
3020
3031
3163
3021
3032
3164
3022
3033
3165
3023
3034
3166
3024
3035
3167
3025
3036
3168
3026
3037
3169
3027
3038
3170
3039
3171
3029
3172
3030
3173
3031
3174
3032
3175
3033
3176
3034
3177
3035
3178
3036
3179
3037
3180
3038
3181
3039
3182
3183
3041
3052
3184
3042
3053
3185
3043
3054
3186
3044
3055
3187
3045
3056
3188
3046
3057
3189
3047
3058
3190
3048
3059
3191
3049
3060
3192
3050
3061
3193
3051
3062
3194
3063
3195
3053
3064
3196
3054
3065
3197
3055
3066
3198
3056
3067
3199
3057
3068
3200
3058
3069
3201
3059
3070
3202
3060
3071
3203
3061
3072
3204
3062
3073
3205
3063
3074
3206
3075
3207
3065
3076
3208
3066
3077
3209
3067
3078
3210
3068
3079
3211
3069
3080
3212
3070
3081
3213
3071
3082
3214
3072
3083
3215
3073
3084
3216
3074
3085
3217
3075
3086
3218
3087
3219
3077
3088
3220
3078
3089
3221
3079
3090
3222
3080
3091
3223
3081
3092
3224
3082
3093
3225
3083
3094
3226
3084
3095
3227
3085
3096
3228
3086
3097
3229
3087
3098
3230
3099
3231
3089
3100
3232
3090
3101
3233
3091
3102
3234
3092
3103
3235
3093
3104
3236
3094
3105
3237
3095
3106
3238
3096
3107
3239
3097
3108
3240
3098
3109
3241
3099
3110
3242
3111
3243
3101
3112
3244
3102
3113
3245
3103
3114
3246
3104
3115
3247
3105
3116
3248
3106
3117
3249
3107
3118
3250
3108
3119
3251
3109
3120
3252
3110
3121
3253
3111
3122
3254
3123
3255
3113
3124
3256
3114
3125
3257
3115
3126
3258
3116
3127
3259
3117
3128
3260
3118
3129
3261
3119
3130
3262
3120
3131
3263
3121
3132
3264
3122
3133
3265
3123
3134
3266
3135
3267
3125
3136
3268
3126
3137
3269
3127
3138
3270
3128
3139
3271
3129
3140
3272
3130
3141
3273
3131
3142
3274
3132
3143
3275
3133
3144
3276
3134
3145
3277
3135
3146
3278
3147
3279
3137
3148
3280
3138
3149
3281
3139
3150
3282
3140
3151
3283
3141
3152
3284
3142
3153
3285
3143
3154
3286
3144
3155
3287
3145
3156
3288
3146
3157
3289
3147
3158
3290
3159
3291
3149
3160
3292
3150
3161
3293
3151
3162
3294
3152
3163
3295
3153
3164
3296
3154
3165
3297
3155
3166
3298
3156
3167
3299
3157
3168
3300
3158
3169
3301
3159
3170
3302
3171
3303
3161
3172
3304
3162
3173
3305
3163
3174
3306
3164
3175
3307
3165
3176
3308
3166
3177
3309
3167
3178
3310
3168
3179
3311
3169
3180
3312
3170
3181
3313
3171
3182
3314
3183
3315
3173
3316
3174
3317
3175
3318
3176
3319
3177
3320
3178
3321
3179
3322
3180
3323
3181
3324
3182
3325
3183
3326
3327
3185
3196
3186
3197
3187
3198
3188
3199
3189
3200
3190
3201
3191
3202
3192
3203
3193
3204
3194
3205
3195
3206
3207
3197
3208
3198
3209
3199
3210
3200
3211
3201
3212
3202
3213
3203
3214
3204
3215
3205
3216
3206
3217
3207
3218
3219
3209
3220
3210
3221
3211
3222
3212
3223
3213
3224
3214
3225
3215
3226
3216
3227
3217
3228
3218
3229
3219
3230
3231
3221
3232
3222
3233
3223
3234
3224
3235
3225
3236
3226
3237
3227
3238
3228
3239
3229
3240
3230
3241
3231
3242
3243
3233
3244
3234
3245
3235
3246
3236
3247
3237
3248
3238
3249
3239
3250
3240
3251
3241
3252
3242
3253
3243
3254
3255
3245
3256
3246
3257
3247
3258
3248
3259
3249
3260
3250
3261
3251
3262
3252
3263
3253
3264
3254
3265
3255
3266
3267
3257
3268
3258
3269
3259
3270
3260
3271
3261
3272
3262
3273
3263
3274
3264
3275
3265
3276
3266
3277
3267
3278
3279
3269
3280
3270
3281
3271
3282
3272
3283
3273
3284
3274
3285
3275
3286
3276
3287
3277
3288
3278
3289
3279
3290
3291
3281
3292
3282
3293
3283
3294
3284
3295
3285
3296
3286
3297
3287
3298
3288
3299
3289
3300
3290
3301
3291
3302
3303
3293
3304
3294
3305
3295
3306
3296
3307
3297
3308
3298
3309
3299
3310
3300
3311
3301
3312
3302
3313
3303
3314
3315
3305
3316
3306
3317
3307
3318
3308
3319
3309
3320
3310
3321
3311
3322
3312
3323
3313
3324
3314
3325
3315
3326
3327
3317
3318
3319
3320
3321
3322
3323
3324
3325
3326
3327
)


// ************************************************************************* //
