/*--------------------------------*- C++ -*----------------------------------*\
| =========                 |                                                 |
| \\      /  F ield         | OpenFOAM: The Open Source CFD Toolbox           |
|  \\    /   O peration     | Version:  2412                                  |
|   \\  /    A nd           | Website:  www.openfoam.com                      |
|    \\/     M anipulation  |                                                 |
\*---------------------------------------------------------------------------*/
FoamFile
{
    version     2.0;
    format      ascii;
    arch        "LSB;label=32;scalar=64";
    note        "nPoints:2457  nCells:1520  nFaces:5436  nInternalFaces:3684";
    class       labelList;
    location    "constant/polyMesh";
    object      neighbour;
}
// * * * * * * * * * * * * * * * * * * * * * * * * * * * * * * * * * * * * * //


3684
(
1
38
304
1330
2
39
305
1331
3
40
306
1332
4
41
307
1333
5
42
308
1334
6
43
309
1335
7
44
310
1336
8
45
311
1337
9
46
312
1338
10
47
313
1339
11
48
314
1340
12
49
315
1341
13
50
316
1342
14
51
317
1343
15
52
318
1344
16
53
319
1345
17
54
320
1346
18
55
321
1347
19
56
322
1348
20
57
323
1349
21
58
324
1350
22
59
325
1351
23
60
326
1352
24
61
327
1353
25
62
328
1354
26
63
329
1355
27
64
330
1356
28
65
331
1357
29
66
332
1358
30
67
333
1359
31
68
334
1360
32
69
335
1361
33
70
336
1362
34
71
337
1363
35
72
338
1364
36
73
339
1365
37
74
340
1366
75
341
1367
39
76
342
40
77
343
41
78
344
42
79
345
43
80
346
44
81
347
45
82
348
46
83
349
47
84
350
48
85
351
49
86
352
50
87
353
51
88
354
52
89
355
53
90
356
54
91
357
55
92
358
56
93
359
57
94
360
58
95
361
59
96
362
60
97
363
61
98
364
62
99
365
63
100
366
64
101
367
65
102
368
66
103
369
67
104
370
68
105
371
69
106
372
70
107
373
71
108
374
72
109
375
73
110
376
74
111
377
75
112
378
113
379
77
114
380
78
115
381
79
116
382
80
117
383
81
118
384
82
119
385
83
120
386
84
121
387
85
122
388
86
123
389
87
124
390
88
125
391
89
126
392
90
127
393
91
128
394
92
129
395
93
130
396
94
131
397
95
132
398
96
133
399
97
134
400
98
135
401
99
136
402
100
137
403
101
138
404
102
139
405
103
140
406
104
141
407
105
142
408
106
143
409
107
144
410
108
145
411
109
146
412
110
147
413
111
148
414
112
149
415
113
150
416
151
417
115
152
418
116
153
419
117
154
420
118
155
421
119
156
422
120
157
423
121
158
424
122
159
425
123
160
426
124
161
427
125
162
428
126
163
429
127
164
430
128
165
431
129
166
432
130
167
433
131
168
434
132
169
435
133
170
436
134
171
437
135
172
438
136
173
439
137
174
440
138
175
441
139
176
442
140
177
443
141
178
444
142
179
445
143
180
446
144
181
447
145
182
448
146
183
449
147
184
450
148
185
451
149
186
452
150
187
453
151
188
454
189
455
153
190
456
154
191
457
155
192
458
156
193
459
157
194
460
158
195
461
159
196
462
160
197
463
161
198
464
162
199
465
163
200
466
164
201
467
165
202
468
166
203
469
167
204
470
168
205
471
169
206
472
170
207
473
171
208
474
172
209
475
173
210
476
174
211
477
175
212
478
176
213
479
177
214
480
178
215
481
179
216
482
180
217
483
181
218
484
182
219
485
183
220
486
184
221
487
185
222
488
186
223
489
187
224
490
188
225
491
189
226
492
227
493
191
228
494
192
229
495
193
230
496
194
231
497
195
232
498
196
233
499
197
234
500
198
235
501
199
236
502
200
237
503
201
238
504
202
239
505
203
240
506
204
241
507
205
242
508
206
243
509
207
244
510
208
245
511
209
246
512
210
247
513
211
248
514
212
249
515
213
250
516
214
251
517
215
252
518
216
253
519
217
254
520
218
255
521
219
256
522
220
257
523
221
258
524
222
259
525
223
260
526
224
261
527
225
262
528
226
263
529
227
264
530
265
531
229
266
532
230
267
533
231
268
534
232
269
535
233
270
536
234
271
537
235
272
538
236
273
539
237
274
540
238
275
541
239
276
542
240
277
543
241
278
544
242
279
545
243
280
546
244
281
547
245
282
548
246
283
549
247
284
550
248
285
551
249
286
552
250
287
553
251
288
554
252
289
555
253
290
556
254
291
557
255
292
558
256
293
559
257
294
560
258
295
561
259
296
562
260
297
563
261
298
564
262
299
565
263
300
566
264
301
567
265
302
568
303
569
267
570
268
571
269
572
270
573
271
574
272
575
273
576
274
577
275
578
276
579
277
580
278
581
279
582
280
583
281
584
282
585
283
586
284
587
285
588
286
589
287
590
288
591
289
592
290
593
291
594
292
595
293
596
294
597
295
598
296
599
297
600
298
601
299
602
300
603
301
604
302
605
303
606
607
305
342
1482
306
343
1483
307
344
1484
308
345
1485
309
346
1486
310
347
1487
311
348
1488
312
349
1489
313
350
1490
314
351
1491
315
352
1492
316
353
1493
317
354
1494
318
355
1495
319
356
1496
320
357
1497
321
358
1498
322
359
1499
323
360
1500
324
361
1501
325
362
1502
326
363
1503
327
364
1504
328
365
1505
329
366
1506
330
367
1507
331
368
1508
332
369
1509
333
370
1510
334
371
1511
335
372
1512
336
373
1513
337
374
1514
338
375
1515
339
376
1516
340
377
1517
341
378
1518
379
1519
343
380
344
381
345
382
346
383
347
384
348
385
349
386
350
387
351
388
352
389
353
390
354
391
355
392
356
393
357
394
358
395
359
396
360
397
361
398
362
399
363
400
364
401
365
402
366
403
367
404
368
405
369
406
370
407
371
408
372
409
373
410
374
411
375
412
376
413
377
414
378
415
379
416
417
381
418
382
419
383
420
384
421
385
422
386
423
387
424
388
425
389
426
390
427
391
428
392
429
393
430
394
431
395
432
396
433
397
434
398
435
399
436
400
437
401
438
402
439
403
440
404
441
405
442
406
443
407
444
408
445
409
446
410
447
411
448
412
449
413
450
414
451
415
452
416
453
417
454
455
419
456
420
457
421
458
422
459
423
460
424
461
425
462
426
463
427
464
428
465
429
466
430
467
431
468
432
469
433
470
434
471
435
472
436
473
437
474
438
475
439
476
440
477
441
478
442
479
443
480
444
481
445
482
446
483
447
484
448
485
449
486
450
487
451
488
452
489
453
490
454
491
455
492
493
457
494
458
495
459
496
460
497
461
498
462
499
463
500
464
501
465
502
466
503
467
504
468
505
469
506
470
507
471
508
472
509
473
510
474
511
475
512
476
513
477
514
478
515
479
516
480
517
481
518
482
519
483
520
484
521
485
522
486
523
487
524
488
525
489
526
490
527
491
528
492
529
493
530
531
495
532
496
533
497
534
498
535
499
536
500
537
501
538
502
539
503
540
504
541
505
542
506
543
507
544
508
545
509
546
510
547
511
548
512
549
513
550
514
551
515
552
516
553
517
554
518
555
519
556
520
557
521
558
522
559
523
560
524
561
525
562
526
563
527
564
528
565
529
566
530
567
531
568
569
533
570
534
571
535
572
536
573
537
574
538
575
539
576
540
577
541
578
542
579
543
580
544
581
545
582
546
583
547
584
548
585
549
586
550
587
551
588
552
589
553
590
554
591
555
592
556
593
557
594
558
595
559
596
560
597
561
598
562
599
563
600
564
601
565
602
566
603
567
604
568
605
569
606
607
571
572
573
574
575
576
577
578
579
580
581
582
583
584
585
586
587
588
589
590
591
592
593
594
595
596
597
598
599
600
601
602
603
604
605
606
607
609
646
912
610
647
913
611
648
914
612
649
915
613
650
916
614
651
917
615
652
918
616
653
919
617
654
920
618
655
921
619
656
922
620
657
923
621
658
924
622
659
925
623
660
926
624
661
927
625
662
928
626
663
929
627
664
930
628
665
931
629
666
932
630
667
933
631
668
934
632
669
935
633
670
936
634
671
937
635
672
938
636
673
939
637
674
940
638
675
941
639
676
942
640
677
943
641
678
944
642
679
945
643
680
946
644
681
947
645
682
948
683
949
647
684
950
648
685
951
649
686
952
650
687
953
651
688
954
652
689
955
653
690
956
654
691
957
655
692
958
656
693
959
657
694
960
658
695
961
659
696
962
660
697
963
661
698
964
662
699
965
663
700
966
664
701
967
665
702
968
666
703
969
667
704
970
668
705
971
669
706
972
670
707
973
671
708
974
672
709
975
673
710
976
674
711
977
675
712
978
676
713
979
677
714
980
678
715
981
679
716
982
680
717
983
681
718
984
682
719
985
683
720
986
721
987
685
722
988
686
723
989
687
724
990
688
725
991
689
726
992
690
727
993
691
728
994
692
729
995
693
730
996
694
731
997
695
732
998
696
733
999
697
734
1000
698
735
1001
699
736
1002
700
737
1003
701
738
1004
702
739
1005
703
740
1006
704
741
1007
705
742
1008
706
743
1009
707
744
1010
708
745
1011
709
746
1012
710
747
1013
711
748
1014
712
749
1015
713
750
1016
714
751
1017
715
752
1018
716
753
1019
717
754
1020
718
755
1021
719
756
1022
720
757
1023
721
758
1024
759
1025
723
760
1026
724
761
1027
725
762
1028
726
763
1029
727
764
1030
728
765
1031
729
766
1032
730
767
1033
731
768
1034
732
769
1035
733
770
1036
734
771
1037
735
772
1038
736
773
1039
737
774
1040
738
775
1041
739
776
1042
740
777
1043
741
778
1044
742
779
1045
743
780
1046
744
781
1047
745
782
1048
746
783
1049
747
784
1050
748
785
1051
749
786
1052
750
787
1053
751
788
1054
752
789
1055
753
790
1056
754
791
1057
755
792
1058
756
793
1059
757
794
1060
758
795
1061
759
796
1062
797
1063
761
798
1064
762
799
1065
763
800
1066
764
801
1067
765
802
1068
766
803
1069
767
804
1070
768
805
1071
769
806
1072
770
807
1073
771
808
1074
772
809
1075
773
810
1076
774
811
1077
775
812
1078
776
813
1079
777
814
1080
778
815
1081
779
816
1082
780
817
1083
781
818
1084
782
819
1085
783
820
1086
784
821
1087
785
822
1088
786
823
1089
787
824
1090
788
825
1091
789
826
1092
790
827
1093
791
828
1094
792
829
1095
793
830
1096
794
831
1097
795
832
1098
796
833
1099
797
834
1100
835
1101
799
836
1102
800
837
1103
801
838
1104
802
839
1105
803
840
1106
804
841
1107
805
842
1108
806
843
1109
807
844
1110
808
845
1111
809
846
1112
810
847
1113
811
848
1114
812
849
1115
813
850
1116
814
851
1117
815
852
1118
816
853
1119
817
854
1120
818
855
1121
819
856
1122
820
857
1123
821
858
1124
822
859
1125
823
860
1126
824
861
1127
825
862
1128
826
863
1129
827
864
1130
828
865
1131
829
866
1132
830
867
1133
831
868
1134
832
869
1135
833
870
1136
834
871
1137
835
872
1138
873
1139
837
874
1140
838
875
1141
839
876
1142
840
877
1143
841
878
1144
842
879
1145
843
880
1146
844
881
1147
845
882
1148
846
883
1149
847
884
1150
848
885
1151
849
886
1152
850
887
1153
851
888
1154
852
889
1155
853
890
1156
854
891
1157
855
892
1158
856
893
1159
857
894
1160
858
895
1161
859
896
1162
860
897
1163
861
898
1164
862
899
1165
863
900
1166
864
901
1167
865
902
1168
866
903
1169
867
904
1170
868
905
1171
869
906
1172
870
907
1173
871
908
1174
872
909
1175
873
910
1176
911
1177
875
1178
1216
876
1179
1217
877
1180
1218
878
1181
1219
879
1182
1220
880
1183
1221
881
1184
1222
882
1185
1223
883
1186
1224
884
1187
1225
885
1188
1226
886
1189
1227
887
1190
1228
888
1191
1229
889
1192
1230
890
1193
1231
891
1194
1232
892
1195
1233
893
1196
1234
894
1197
1235
895
1198
1236
896
1199
1237
897
1200
1238
898
1201
1239
899
1202
1240
900
1203
1241
901
1204
1242
902
1205
1243
903
1206
1244
904
1207
1245
905
1208
1246
906
1209
1247
907
1210
1248
908
1211
1249
909
1212
1250
910
1213
1251
911
1214
1252
1215
1253
913
950
914
951
915
952
916
953
917
954
918
955
919
956
920
957
921
958
922
959
923
960
924
961
925
962
926
963
927
964
928
965
929
966
930
967
931
968
932
969
933
970
934
971
935
972
936
973
937
974
938
975
939
976
940
977
941
978
942
979
943
980
944
981
945
982
946
983
947
984
948
985
949
986
987
951
988
952
989
953
990
954
991
955
992
956
993
957
994
958
995
959
996
960
997
961
998
962
999
963
1000
964
1001
965
1002
966
1003
967
1004
968
1005
969
1006
970
1007
971
1008
972
1009
973
1010
974
1011
975
1012
976
1013
977
1014
978
1015
979
1016
980
1017
981
1018
982
1019
983
1020
984
1021
985
1022
986
1023
987
1024
1025
989
1026
990
1027
991
1028
992
1029
993
1030
994
1031
995
1032
996
1033
997
1034
998
1035
999
1036
1000
1037
1001
1038
1002
1039
1003
1040
1004
1041
1005
1042
1006
1043
1007
1044
1008
1045
1009
1046
1010
1047
1011
1048
1012
1049
1013
1050
1014
1051
1015
1052
1016
1053
1017
1054
1018
1055
1019
1056
1020
1057
1021
1058
1022
1059
1023
1060
1024
1061
1025
1062
1063
1027
1064
1028
1065
1029
1066
1030
1067
1031
1068
1032
1069
1033
1070
1034
1071
1035
1072
1036
1073
1037
1074
1038
1075
1039
1076
1040
1077
1041
1078
1042
1079
1043
1080
1044
1081
1045
1082
1046
1083
1047
1084
1048
1085
1049
1086
1050
1087
1051
1088
1052
1089
1053
1090
1054
1091
1055
1092
1056
1093
1057
1094
1058
1095
1059
1096
1060
1097
1061
1098
1062
1099
1063
1100
1101
1065
1102
1066
1103
1067
1104
1068
1105
1069
1106
1070
1107
1071
1108
1072
1109
1073
1110
1074
1111
1075
1112
1076
1113
1077
1114
1078
1115
1079
1116
1080
1117
1081
1118
1082
1119
1083
1120
1084
1121
1085
1122
1086
1123
1087
1124
1088
1125
1089
1126
1090
1127
1091
1128
1092
1129
1093
1130
1094
1131
1095
1132
1096
1133
1097
1134
1098
1135
1099
1136
1100
1137
1101
1138
1139
1103
1140
1104
1141
1105
1142
1106
1143
1107
1144
1108
1145
1109
1146
1110
1147
1111
1148
1112
1149
1113
1150
1114
1151
1115
1152
1116
1153
1117
1154
1118
1155
1119
1156
1120
1157
1121
1158
1122
1159
1123
1160
1124
1161
1125
1162
1126
1163
1127
1164
1128
1165
1129
1166
1130
1167
1131
1168
1132
1169
1133
1170
1134
1171
1135
1172
1136
1173
1137
1174
1138
1175
1139
1176
1177
1141
1178
1142
1179
1143
1180
1144
1181
1145
1182
1146
1183
1147
1184
1148
1185
1149
1186
1150
1187
1151
1188
1152
1189
1153
1190
1154
1191
1155
1192
1156
1193
1157
1194
1158
1195
1159
1196
1160
1197
1161
1198
1162
1199
1163
1200
1164
1201
1165
1202
1166
1203
1167
1204
1168
1205
1169
1206
1170
1207
1171
1208
1172
1209
1173
1210
1174
1211
1175
1212
1176
1213
1177
1214
1215
1179
1368
1180
1369
1181
1370
1182
1371
1183
1372
1184
1373
1185
1374
1186
1375
1187
1376
1188
1377
1189
1378
1190
1379
1191
1380
1192
1381
1193
1382
1194
1383
1195
1384
1196
1385
1197
1386
1198
1387
1199
1388
1200
1389
1201
1390
1202
1391
1203
1392
1204
1393
1205
1394
1206
1395
1207
1396
1208
1397
1209
1398
1210
1399
1211
1400
1212
1401
1213
1402
1214
1403
1215
1404
1405
1217
1254
1368
1218
1255
1369
1219
1256
1370
1220
1257
1371
1221
1258
1372
1222
1259
1373
1223
1260
1374
1224
1261
1375
1225
1262
1376
1226
1263
1377
1227
1264
1378
1228
1265
1379
1229
1266
1380
1230
1267
1381
1231
1268
1382
1232
1269
1383
1233
1270
1384
1234
1271
1385
1235
1272
1386
1236
1273
1387
1237
1274
1388
1238
1275
1389
1239
1276
1390
1240
1277
1391
1241
1278
1392
1242
1279
1393
1243
1280
1394
1244
1281
1395
1245
1282
1396
1246
1283
1397
1247
1284
1398
1248
1285
1399
1249
1286
1400
1250
1287
1401
1251
1288
1402
1252
1289
1403
1253
1290
1404
1291
1405
1255
1292
1406
1256
1293
1407
1257
1294
1408
1258
1295
1409
1259
1296
1410
1260
1297
1411
1261
1298
1412
1262
1299
1413
1263
1300
1414
1264
1301
1415
1265
1302
1416
1266
1303
1417
1267
1304
1418
1268
1305
1419
1269
1306
1420
1270
1307
1421
1271
1308
1422
1272
1309
1423
1273
1310
1424
1274
1311
1425
1275
1312
1426
1276
1313
1427
1277
1314
1428
1278
1315
1429
1279
1316
1430
1280
1317
1431
1281
1318
1432
1282
1319
1433
1283
1320
1434
1284
1321
1435
1285
1322
1436
1286
1323
1437
1287
1324
1438
1288
1325
1439
1289
1326
1440
1290
1327
1441
1291
1328
1442
1329
1443
1293
1330
1444
1294
1331
1445
1295
1332
1446
1296
1333
1447
1297
1334
1448
1298
1335
1449
1299
1336
1450
1300
1337
1451
1301
1338
1452
1302
1339
1453
1303
1340
1454
1304
1341
1455
1305
1342
1456
1306
1343
1457
1307
1344
1458
1308
1345
1459
1309
1346
1460
1310
1347
1461
1311
1348
1462
1312
1349
1463
1313
1350
1464
1314
1351
1465
1315
1352
1466
1316
1353
1467
1317
1354
1468
1318
1355
1469
1319
1356
1470
1320
1357
1471
1321
1358
1472
1322
1359
1473
1323
1360
1474
1324
1361
1475
1325
1362
1476
1326
1363
1477
1327
1364
1478
1328
1365
1479
1329
1366
1480
1367
1481
1331
1482
1332
1483
1333
1484
1334
1485
1335
1486
1336
1487
1337
1488
1338
1489
1339
1490
1340
1491
1341
1492
1342
1493
1343
1494
1344
1495
1345
1496
1346
1497
1347
1498
1348
1499
1349
1500
1350
1501
1351
1502
1352
1503
1353
1504
1354
1505
1355
1506
1356
1507
1357
1508
1358
1509
1359
1510
1360
1511
1361
1512
1362
1513
1363
1514
1364
1515
1365
1516
1366
1517
1367
1518
1519
1369
1406
1370
1407
1371
1408
1372
1409
1373
1410
1374
1411
1375
1412
1376
1413
1377
1414
1378
1415
1379
1416
1380
1417
1381
1418
1382
1419
1383
1420
1384
1421
1385
1422
1386
1423
1387
1424
1388
1425
1389
1426
1390
1427
1391
1428
1392
1429
1393
1430
1394
1431
1395
1432
1396
1433
1397
1434
1398
1435
1399
1436
1400
1437
1401
1438
1402
1439
1403
1440
1404
1441
1405
1442
1443
1407
1444
1408
1445
1409
1446
1410
1447
1411
1448
1412
1449
1413
1450
1414
1451
1415
1452
1416
1453
1417
1454
1418
1455
1419
1456
1420
1457
1421
1458
1422
1459
1423
1460
1424
1461
1425
1462
1426
1463
1427
1464
1428
1465
1429
1466
1430
1467
1431
1468
1432
1469
1433
1470
1434
1471
1435
1472
1436
1473
1437
1474
1438
1475
1439
1476
1440
1477
1441
1478
1442
1479
1443
1480
1481
1445
1482
1446
1483
1447
1484
1448
1485
1449
1486
1450
1487
1451
1488
1452
1489
1453
1490
1454
1491
1455
1492
1456
1493
1457
1494
1458
1495
1459
1496
1460
1497
1461
1498
1462
1499
1463
1500
1464
1501
1465
1502
1466
1503
1467
1504
1468
1505
1469
1506
1470
1507
1471
1508
1472
1509
1473
1510
1474
1511
1475
1512
1476
1513
1477
1514
1478
1515
1479
1516
1480
1517
1481
1518
1519
1483
1484
1485
1486
1487
1488
1489
1490
1491
1492
1493
1494
1495
1496
1497
1498
1499
1500
1501
1502
1503
1504
1505
1506
1507
1508
1509
1510
1511
1512
1513
1514
1515
1516
1517
1518
1519
)


// ************************************************************************* //
