/*--------------------------------*- C++ -*----------------------------------*\
| =========                 |                                                 |
| \\      /  F ield         | OpenFOAM: The Open Source CFD Toolbox           |
|  \\    /   O peration     | Version:  2412                                  |
|   \\  /    A nd           | Website:  www.openfoam.com                      |
|    \\/     M anipulation  |                                                 |
\*---------------------------------------------------------------------------*/
FoamFile
{
    version     2.0;
    format      ascii;
    arch        "LSB;label=32;scalar=64";
    note        "nPoints:2457  nCells:1520  nFaces:5436  nInternalFaces:3684";
    class       labelList;
    location    "constant/polyMesh";
    object      owner;
}
// * * * * * * * * * * * * * * * * * * * * * * * * * * * * * * * * * * * * * //


5436
(
0
0
0
0
1
1
1
1
2
2
2
2
3
3
3
3
4
4
4
4
5
5
5
5
6
6
6
6
7
7
7
7
8
8
8
8
9
9
9
9
10
10
10
10
11
11
11
11
12
12
12
12
13
13
13
13
14
14
14
14
15
15
15
15
16
16
16
16
17
17
17
17
18
18
18
18
19
19
19
19
20
20
20
20
21
21
21
21
22
22
22
22
23
23
23
23
24
24
24
24
25
25
25
25
26
26
26
26
27
27
27
27
28
28
28
28
29
29
29
29
30
30
30
30
31
31
31
31
32
32
32
32
33
33
33
33
34
34
34
34
35
35
35
35
36
36
36
36
37
37
37
38
38
38
39
39
39
40
40
40
41
41
41
42
42
42
43
43
43
44
44
44
45
45
45
46
46
46
47
47
47
48
48
48
49
49
49
50
50
50
51
51
51
52
52
52
53
53
53
54
54
54
55
55
55
56
56
56
57
57
57
58
58
58
59
59
59
60
60
60
61
61
61
62
62
62
63
63
63
64
64
64
65
65
65
66
66
66
67
67
67
68
68
68
69
69
69
70
70
70
71
71
71
72
72
72
73
73
73
74
74
74
75
75
76
76
76
77
77
77
78
78
78
79
79
79
80
80
80
81
81
81
82
82
82
83
83
83
84
84
84
85
85
85
86
86
86
87
87
87
88
88
88
89
89
89
90
90
90
91
91
91
92
92
92
93
93
93
94
94
94
95
95
95
96
96
96
97
97
97
98
98
98
99
99
99
100
100
100
101
101
101
102
102
102
103
103
103
104
104
104
105
105
105
106
106
106
107
107
107
108
108
108
109
109
109
110
110
110
111
111
111
112
112
112
113
113
114
114
114
115
115
115
116
116
116
117
117
117
118
118
118
119
119
119
120
120
120
121
121
121
122
122
122
123
123
123
124
124
124
125
125
125
126
126
126
127
127
127
128
128
128
129
129
129
130
130
130
131
131
131
132
132
132
133
133
133
134
134
134
135
135
135
136
136
136
137
137
137
138
138
138
139
139
139
140
140
140
141
141
141
142
142
142
143
143
143
144
144
144
145
145
145
146
146
146
147
147
147
148
148
148
149
149
149
150
150
150
151
151
152
152
152
153
153
153
154
154
154
155
155
155
156
156
156
157
157
157
158
158
158
159
159
159
160
160
160
161
161
161
162
162
162
163
163
163
164
164
164
165
165
165
166
166
166
167
167
167
168
168
168
169
169
169
170
170
170
171
171
171
172
172
172
173
173
173
174
174
174
175
175
175
176
176
176
177
177
177
178
178
178
179
179
179
180
180
180
181
181
181
182
182
182
183
183
183
184
184
184
185
185
185
186
186
186
187
187
187
188
188
188
189
189
190
190
190
191
191
191
192
192
192
193
193
193
194
194
194
195
195
195
196
196
196
197
197
197
198
198
198
199
199
199
200
200
200
201
201
201
202
202
202
203
203
203
204
204
204
205
205
205
206
206
206
207
207
207
208
208
208
209
209
209
210
210
210
211
211
211
212
212
212
213
213
213
214
214
214
215
215
215
216
216
216
217
217
217
218
218
218
219
219
219
220
220
220
221
221
221
222
222
222
223
223
223
224
224
224
225
225
225
226
226
226
227
227
228
228
228
229
229
229
230
230
230
231
231
231
232
232
232
233
233
233
234
234
234
235
235
235
236
236
236
237
237
237
238
238
238
239
239
239
240
240
240
241
241
241
242
242
242
243
243
243
244
244
244
245
245
245
246
246
246
247
247
247
248
248
248
249
249
249
250
250
250
251
251
251
252
252
252
253
253
253
254
254
254
255
255
255
256
256
256
257
257
257
258
258
258
259
259
259
260
260
260
261
261
261
262
262
262
263
263
263
264
264
264
265
265
266
266
267
267
268
268
269
269
270
270
271
271
272
272
273
273
274
274
275
275
276
276
277
277
278
278
279
279
280
280
281
281
282
282
283
283
284
284
285
285
286
286
287
287
288
288
289
289
290
290
291
291
292
292
293
293
294
294
295
295
296
296
297
297
298
298
299
299
300
300
301
301
302
302
303
304
304
304
305
305
305
306
306
306
307
307
307
308
308
308
309
309
309
310
310
310
311
311
311
312
312
312
313
313
313
314
314
314
315
315
315
316
316
316
317
317
317
318
318
318
319
319
319
320
320
320
321
321
321
322
322
322
323
323
323
324
324
324
325
325
325
326
326
326
327
327
327
328
328
328
329
329
329
330
330
330
331
331
331
332
332
332
333
333
333
334
334
334
335
335
335
336
336
336
337
337
337
338
338
338
339
339
339
340
340
340
341
341
342
342
343
343
344
344
345
345
346
346
347
347
348
348
349
349
350
350
351
351
352
352
353
353
354
354
355
355
356
356
357
357
358
358
359
359
360
360
361
361
362
362
363
363
364
364
365
365
366
366
367
367
368
368
369
369
370
370
371
371
372
372
373
373
374
374
375
375
376
376
377
377
378
378
379
380
380
381
381
382
382
383
383
384
384
385
385
386
386
387
387
388
388
389
389
390
390
391
391
392
392
393
393
394
394
395
395
396
396
397
397
398
398
399
399
400
400
401
401
402
402
403
403
404
404
405
405
406
406
407
407
408
408
409
409
410
410
411
411
412
412
413
413
414
414
415
415
416
416
417
418
418
419
419
420
420
421
421
422
422
423
423
424
424
425
425
426
426
427
427
428
428
429
429
430
430
431
431
432
432
433
433
434
434
435
435
436
436
437
437
438
438
439
439
440
440
441
441
442
442
443
443
444
444
445
445
446
446
447
447
448
448
449
449
450
450
451
451
452
452
453
453
454
454
455
456
456
457
457
458
458
459
459
460
460
461
461
462
462
463
463
464
464
465
465
466
466
467
467
468
468
469
469
470
470
471
471
472
472
473
473
474
474
475
475
476
476
477
477
478
478
479
479
480
480
481
481
482
482
483
483
484
484
485
485
486
486
487
487
488
488
489
489
490
490
491
491
492
492
493
494
494
495
495
496
496
497
497
498
498
499
499
500
500
501
501
502
502
503
503
504
504
505
505
506
506
507
507
508
508
509
509
510
510
511
511
512
512
513
513
514
514
515
515
516
516
517
517
518
518
519
519
520
520
521
521
522
522
523
523
524
524
525
525
526
526
527
527
528
528
529
529
530
530
531
532
532
533
533
534
534
535
535
536
536
537
537
538
538
539
539
540
540
541
541
542
542
543
543
544
544
545
545
546
546
547
547
548
548
549
549
550
550
551
551
552
552
553
553
554
554
555
555
556
556
557
557
558
558
559
559
560
560
561
561
562
562
563
563
564
564
565
565
566
566
567
567
568
568
569
570
571
572
573
574
575
576
577
578
579
580
581
582
583
584
585
586
587
588
589
590
591
592
593
594
595
596
597
598
599
600
601
602
603
604
605
606
608
608
608
609
609
609
610
610
610
611
611
611
612
612
612
613
613
613
614
614
614
615
615
615
616
616
616
617
617
617
618
618
618
619
619
619
620
620
620
621
621
621
622
622
622
623
623
623
624
624
624
625
625
625
626
626
626
627
627
627
628
628
628
629
629
629
630
630
630
631
631
631
632
632
632
633
633
633
634
634
634
635
635
635
636
636
636
637
637
637
638
638
638
639
639
639
640
640
640
641
641
641
642
642
642
643
643
643
644
644
644
645
645
646
646
646
647
647
647
648
648
648
649
649
649
650
650
650
651
651
651
652
652
652
653
653
653
654
654
654
655
655
655
656
656
656
657
657
657
658
658
658
659
659
659
660
660
660
661
661
661
662
662
662
663
663
663
664
664
664
665
665
665
666
666
666
667
667
667
668
668
668
669
669
669
670
670
670
671
671
671
672
672
672
673
673
673
674
674
674
675
675
675
676
676
676
677
677
677
678
678
678
679
679
679
680
680
680
681
681
681
682
682
682
683
683
684
684
684
685
685
685
686
686
686
687
687
687
688
688
688
689
689
689
690
690
690
691
691
691
692
692
692
693
693
693
694
694
694
695
695
695
696
696
696
697
697
697
698
698
698
699
699
699
700
700
700
701
701
701
702
702
702
703
703
703
704
704
704
705
705
705
706
706
706
707
707
707
708
708
708
709
709
709
710
710
710
711
711
711
712
712
712
713
713
713
714
714
714
715
715
715
716
716
716
717
717
717
718
718
718
719
719
719
720
720
720
721
721
722
722
722
723
723
723
724
724
724
725
725
725
726
726
726
727
727
727
728
728
728
729
729
729
730
730
730
731
731
731
732
732
732
733
733
733
734
734
734
735
735
735
736
736
736
737
737
737
738
738
738
739
739
739
740
740
740
741
741
741
742
742
742
743
743
743
744
744
744
745
745
745
746
746
746
747
747
747
748
748
748
749
749
749
750
750
750
751
751
751
752
752
752
753
753
753
754
754
754
755
755
755
756
756
756
757
757
757
758
758
758
759
759
760
760
760
761
761
761
762
762
762
763
763
763
764
764
764
765
765
765
766
766
766
767
767
767
768
768
768
769
769
769
770
770
770
771
771
771
772
772
772
773
773
773
774
774
774
775
775
775
776
776
776
777
777
777
778
778
778
779
779
779
780
780
780
781
781
781
782
782
782
783
783
783
784
784
784
785
785
785
786
786
786
787
787
787
788
788
788
789
789
789
790
790
790
791
791
791
792
792
792
793
793
793
794
794
794
795
795
795
796
796
796
797
797
798
798
798
799
799
799
800
800
800
801
801
801
802
802
802
803
803
803
804
804
804
805
805
805
806
806
806
807
807
807
808
808
808
809
809
809
810
810
810
811
811
811
812
812
812
813
813
813
814
814
814
815
815
815
816
816
816
817
817
817
818
818
818
819
819
819
820
820
820
821
821
821
822
822
822
823
823
823
824
824
824
825
825
825
826
826
826
827
827
827
828
828
828
829
829
829
830
830
830
831
831
831
832
832
832
833
833
833
834
834
834
835
835
836
836
836
837
837
837
838
838
838
839
839
839
840
840
840
841
841
841
842
842
842
843
843
843
844
844
844
845
845
845
846
846
846
847
847
847
848
848
848
849
849
849
850
850
850
851
851
851
852
852
852
853
853
853
854
854
854
855
855
855
856
856
856
857
857
857
858
858
858
859
859
859
860
860
860
861
861
861
862
862
862
863
863
863
864
864
864
865
865
865
866
866
866
867
867
867
868
868
868
869
869
869
870
870
870
871
871
871
872
872
872
873
873
874
874
874
875
875
875
876
876
876
877
877
877
878
878
878
879
879
879
880
880
880
881
881
881
882
882
882
883
883
883
884
884
884
885
885
885
886
886
886
887
887
887
888
888
888
889
889
889
890
890
890
891
891
891
892
892
892
893
893
893
894
894
894
895
895
895
896
896
896
897
897
897
898
898
898
899
899
899
900
900
900
901
901
901
902
902
902
903
903
903
904
904
904
905
905
905
906
906
906
907
907
907
908
908
908
909
909
909
910
910
910
911
911
912
912
913
913
914
914
915
915
916
916
917
917
918
918
919
919
920
920
921
921
922
922
923
923
924
924
925
925
926
926
927
927
928
928
929
929
930
930
931
931
932
932
933
933
934
934
935
935
936
936
937
937
938
938
939
939
940
940
941
941
942
942
943
943
944
944
945
945
946
946
947
947
948
948
949
950
950
951
951
952
952
953
953
954
954
955
955
956
956
957
957
958
958
959
959
960
960
961
961
962
962
963
963
964
964
965
965
966
966
967
967
968
968
969
969
970
970
971
971
972
972
973
973
974
974
975
975
976
976
977
977
978
978
979
979
980
980
981
981
982
982
983
983
984
984
985
985
986
986
987
988
988
989
989
990
990
991
991
992
992
993
993
994
994
995
995
996
996
997
997
998
998
999
999
1000
1000
1001
1001
1002
1002
1003
1003
1004
1004
1005
1005
1006
1006
1007
1007
1008
1008
1009
1009
1010
1010
1011
1011
1012
1012
1013
1013
1014
1014
1015
1015
1016
1016
1017
1017
1018
1018
1019
1019
1020
1020
1021
1021
1022
1022
1023
1023
1024
1024
1025
1026
1026
1027
1027
1028
1028
1029
1029
1030
1030
1031
1031
1032
1032
1033
1033
1034
1034
1035
1035
1036
1036
1037
1037
1038
1038
1039
1039
1040
1040
1041
1041
1042
1042
1043
1043
1044
1044
1045
1045
1046
1046
1047
1047
1048
1048
1049
1049
1050
1050
1051
1051
1052
1052
1053
1053
1054
1054
1055
1055
1056
1056
1057
1057
1058
1058
1059
1059
1060
1060
1061
1061
1062
1062
1063
1064
1064
1065
1065
1066
1066
1067
1067
1068
1068
1069
1069
1070
1070
1071
1071
1072
1072
1073
1073
1074
1074
1075
1075
1076
1076
1077
1077
1078
1078
1079
1079
1080
1080
1081
1081
1082
1082
1083
1083
1084
1084
1085
1085
1086
1086
1087
1087
1088
1088
1089
1089
1090
1090
1091
1091
1092
1092
1093
1093
1094
1094
1095
1095
1096
1096
1097
1097
1098
1098
1099
1099
1100
1100
1101
1102
1102
1103
1103
1104
1104
1105
1105
1106
1106
1107
1107
1108
1108
1109
1109
1110
1110
1111
1111
1112
1112
1113
1113
1114
1114
1115
1115
1116
1116
1117
1117
1118
1118
1119
1119
1120
1120
1121
1121
1122
1122
1123
1123
1124
1124
1125
1125
1126
1126
1127
1127
1128
1128
1129
1129
1130
1130
1131
1131
1132
1132
1133
1133
1134
1134
1135
1135
1136
1136
1137
1137
1138
1138
1139
1140
1140
1141
1141
1142
1142
1143
1143
1144
1144
1145
1145
1146
1146
1147
1147
1148
1148
1149
1149
1150
1150
1151
1151
1152
1152
1153
1153
1154
1154
1155
1155
1156
1156
1157
1157
1158
1158
1159
1159
1160
1160
1161
1161
1162
1162
1163
1163
1164
1164
1165
1165
1166
1166
1167
1167
1168
1168
1169
1169
1170
1170
1171
1171
1172
1172
1173
1173
1174
1174
1175
1175
1176
1176
1177
1178
1178
1179
1179
1180
1180
1181
1181
1182
1182
1183
1183
1184
1184
1185
1185
1186
1186
1187
1187
1188
1188
1189
1189
1190
1190
1191
1191
1192
1192
1193
1193
1194
1194
1195
1195
1196
1196
1197
1197
1198
1198
1199
1199
1200
1200
1201
1201
1202
1202
1203
1203
1204
1204
1205
1205
1206
1206
1207
1207
1208
1208
1209
1209
1210
1210
1211
1211
1212
1212
1213
1213
1214
1214
1215
1216
1216
1216
1217
1217
1217
1218
1218
1218
1219
1219
1219
1220
1220
1220
1221
1221
1221
1222
1222
1222
1223
1223
1223
1224
1224
1224
1225
1225
1225
1226
1226
1226
1227
1227
1227
1228
1228
1228
1229
1229
1229
1230
1230
1230
1231
1231
1231
1232
1232
1232
1233
1233
1233
1234
1234
1234
1235
1235
1235
1236
1236
1236
1237
1237
1237
1238
1238
1238
1239
1239
1239
1240
1240
1240
1241
1241
1241
1242
1242
1242
1243
1243
1243
1244
1244
1244
1245
1245
1245
1246
1246
1246
1247
1247
1247
1248
1248
1248
1249
1249
1249
1250
1250
1250
1251
1251
1251
1252
1252
1252
1253
1253
1254
1254
1254
1255
1255
1255
1256
1256
1256
1257
1257
1257
1258
1258
1258
1259
1259
1259
1260
1260
1260
1261
1261
1261
1262
1262
1262
1263
1263
1263
1264
1264
1264
1265
1265
1265
1266
1266
1266
1267
1267
1267
1268
1268
1268
1269
1269
1269
1270
1270
1270
1271
1271
1271
1272
1272
1272
1273
1273
1273
1274
1274
1274
1275
1275
1275
1276
1276
1276
1277
1277
1277
1278
1278
1278
1279
1279
1279
1280
1280
1280
1281
1281
1281
1282
1282
1282
1283
1283
1283
1284
1284
1284
1285
1285
1285
1286
1286
1286
1287
1287
1287
1288
1288
1288
1289
1289
1289
1290
1290
1290
1291
1291
1292
1292
1292
1293
1293
1293
1294
1294
1294
1295
1295
1295
1296
1296
1296
1297
1297
1297
1298
1298
1298
1299
1299
1299
1300
1300
1300
1301
1301
1301
1302
1302
1302
1303
1303
1303
1304
1304
1304
1305
1305
1305
1306
1306
1306
1307
1307
1307
1308
1308
1308
1309
1309
1309
1310
1310
1310
1311
1311
1311
1312
1312
1312
1313
1313
1313
1314
1314
1314
1315
1315
1315
1316
1316
1316
1317
1317
1317
1318
1318
1318
1319
1319
1319
1320
1320
1320
1321
1321
1321
1322
1322
1322
1323
1323
1323
1324
1324
1324
1325
1325
1325
1326
1326
1326
1327
1327
1327
1328
1328
1328
1329
1329
1330
1330
1331
1331
1332
1332
1333
1333
1334
1334
1335
1335
1336
1336
1337
1337
1338
1338
1339
1339
1340
1340
1341
1341
1342
1342
1343
1343
1344
1344
1345
1345
1346
1346
1347
1347
1348
1348
1349
1349
1350
1350
1351
1351
1352
1352
1353
1353
1354
1354
1355
1355
1356
1356
1357
1357
1358
1358
1359
1359
1360
1360
1361
1361
1362
1362
1363
1363
1364
1364
1365
1365
1366
1366
1367
1368
1368
1369
1369
1370
1370
1371
1371
1372
1372
1373
1373
1374
1374
1375
1375
1376
1376
1377
1377
1378
1378
1379
1379
1380
1380
1381
1381
1382
1382
1383
1383
1384
1384
1385
1385
1386
1386
1387
1387
1388
1388
1389
1389
1390
1390
1391
1391
1392
1392
1393
1393
1394
1394
1395
1395
1396
1396
1397
1397
1398
1398
1399
1399
1400
1400
1401
1401
1402
1402
1403
1403
1404
1404
1405
1406
1406
1407
1407
1408
1408
1409
1409
1410
1410
1411
1411
1412
1412
1413
1413
1414
1414
1415
1415
1416
1416
1417
1417
1418
1418
1419
1419
1420
1420
1421
1421
1422
1422
1423
1423
1424
1424
1425
1425
1426
1426
1427
1427
1428
1428
1429
1429
1430
1430
1431
1431
1432
1432
1433
1433
1434
1434
1435
1435
1436
1436
1437
1437
1438
1438
1439
1439
1440
1440
1441
1441
1442
1442
1443
1444
1444
1445
1445
1446
1446
1447
1447
1448
1448
1449
1449
1450
1450
1451
1451
1452
1452
1453
1453
1454
1454
1455
1455
1456
1456
1457
1457
1458
1458
1459
1459
1460
1460
1461
1461
1462
1462
1463
1463
1464
1464
1465
1465
1466
1466
1467
1467
1468
1468
1469
1469
1470
1470
1471
1471
1472
1472
1473
1473
1474
1474
1475
1475
1476
1476
1477
1477
1478
1478
1479
1479
1480
1480
1481
1482
1483
1484
1485
1486
1487
1488
1489
1490
1491
1492
1493
1494
1495
1496
1497
1498
1499
1500
1501
1502
1503
1504
1505
1506
1507
1508
1509
1510
1511
1512
1513
1514
1515
1516
1517
1518
266
570
267
571
268
572
269
573
270
574
271
575
272
576
273
577
274
578
275
579
276
580
277
581
278
582
279
583
280
584
281
585
282
586
283
587
284
588
285
589
286
590
287
591
288
592
289
593
290
594
291
595
292
596
293
597
294
598
295
599
296
600
297
601
298
602
299
603
300
604
301
605
302
606
303
607
0
38
76
114
152
190
228
266
304
342
380
418
456
494
532
570
37
75
113
151
189
227
265
303
341
379
417
455
493
531
569
607
608
912
609
913
610
914
611
915
612
916
613
917
614
918
615
919
616
920
617
921
618
922
619
923
620
924
621
925
622
926
623
927
624
928
625
929
626
930
627
931
628
932
629
933
630
934
631
935
632
936
633
937
634
938
635
939
636
940
637
941
638
942
639
943
640
944
641
945
642
946
643
947
644
948
645
949
608
646
684
722
760
798
836
874
912
950
988
1026
1064
1102
1140
1178
645
683
721
759
797
835
873
911
949
987
1025
1063
1101
1139
1177
1215
1216
1254
1292
1330
1368
1406
1444
1482
1253
1291
1329
1367
1405
1443
1481
1519
0
38
76
114
152
190
228
266
1
39
77
115
153
191
229
267
2
40
78
116
154
192
230
268
3
41
79
117
155
193
231
269
4
42
80
118
156
194
232
270
5
43
81
119
157
195
233
271
6
44
82
120
158
196
234
272
7
45
83
121
159
197
235
273
8
46
84
122
160
198
236
274
9
47
85
123
161
199
237
275
10
48
86
124
162
200
238
276
11
49
87
125
163
201
239
277
12
50
88
126
164
202
240
278
13
51
89
127
165
203
241
279
14
52
90
128
166
204
242
280
15
53
91
129
167
205
243
281
16
54
92
130
168
206
244
282
17
55
93
131
169
207
245
283
18
56
94
132
170
208
246
284
19
57
95
133
171
209
247
285
20
58
96
134
172
210
248
286
21
59
97
135
173
211
249
287
22
60
98
136
174
212
250
288
23
61
99
137
175
213
251
289
24
62
100
138
176
214
252
290
25
63
101
139
177
215
253
291
26
64
102
140
178
216
254
292
27
65
103
141
179
217
255
293
28
66
104
142
180
218
256
294
29
67
105
143
181
219
257
295
30
68
106
144
182
220
258
296
31
69
107
145
183
221
259
297
32
70
108
146
184
222
260
298
33
71
109
147
185
223
261
299
34
72
110
148
186
224
262
300
35
73
111
149
187
225
263
301
36
74
112
150
188
226
264
302
37
75
113
151
189
227
265
303
304
342
380
418
456
494
532
570
305
343
381
419
457
495
533
571
306
344
382
420
458
496
534
572
307
345
383
421
459
497
535
573
308
346
384
422
460
498
536
574
309
347
385
423
461
499
537
575
310
348
386
424
462
500
538
576
311
349
387
425
463
501
539
577
312
350
388
426
464
502
540
578
313
351
389
427
465
503
541
579
314
352
390
428
466
504
542
580
315
353
391
429
467
505
543
581
316
354
392
430
468
506
544
582
317
355
393
431
469
507
545
583
318
356
394
432
470
508
546
584
319
357
395
433
471
509
547
585
320
358
396
434
472
510
548
586
321
359
397
435
473
511
549
587
322
360
398
436
474
512
550
588
323
361
399
437
475
513
551
589
324
362
400
438
476
514
552
590
325
363
401
439
477
515
553
591
326
364
402
440
478
516
554
592
327
365
403
441
479
517
555
593
328
366
404
442
480
518
556
594
329
367
405
443
481
519
557
595
330
368
406
444
482
520
558
596
331
369
407
445
483
521
559
597
332
370
408
446
484
522
560
598
333
371
409
447
485
523
561
599
334
372
410
448
486
524
562
600
335
373
411
449
487
525
563
601
336
374
412
450
488
526
564
602
337
375
413
451
489
527
565
603
338
376
414
452
490
528
566
604
339
377
415
453
491
529
567
605
340
378
416
454
492
530
568
606
341
379
417
455
493
531
569
607
608
646
684
722
760
798
836
874
609
647
685
723
761
799
837
875
610
648
686
724
762
800
838
876
611
649
687
725
763
801
839
877
612
650
688
726
764
802
840
878
613
651
689
727
765
803
841
879
614
652
690
728
766
804
842
880
615
653
691
729
767
805
843
881
616
654
692
730
768
806
844
882
617
655
693
731
769
807
845
883
618
656
694
732
770
808
846
884
619
657
695
733
771
809
847
885
620
658
696
734
772
810
848
886
621
659
697
735
773
811
849
887
622
660
698
736
774
812
850
888
623
661
699
737
775
813
851
889
624
662
700
738
776
814
852
890
625
663
701
739
777
815
853
891
626
664
702
740
778
816
854
892
627
665
703
741
779
817
855
893
628
666
704
742
780
818
856
894
629
667
705
743
781
819
857
895
630
668
706
744
782
820
858
896
631
669
707
745
783
821
859
897
632
670
708
746
784
822
860
898
633
671
709
747
785
823
861
899
634
672
710
748
786
824
862
900
635
673
711
749
787
825
863
901
636
674
712
750
788
826
864
902
637
675
713
751
789
827
865
903
638
676
714
752
790
828
866
904
639
677
715
753
791
829
867
905
640
678
716
754
792
830
868
906
641
679
717
755
793
831
869
907
642
680
718
756
794
832
870
908
643
681
719
757
795
833
871
909
644
682
720
758
796
834
872
910
645
683
721
759
797
835
873
911
912
950
988
1026
1064
1102
1140
1178
913
951
989
1027
1065
1103
1141
1179
914
952
990
1028
1066
1104
1142
1180
915
953
991
1029
1067
1105
1143
1181
916
954
992
1030
1068
1106
1144
1182
917
955
993
1031
1069
1107
1145
1183
918
956
994
1032
1070
1108
1146
1184
919
957
995
1033
1071
1109
1147
1185
920
958
996
1034
1072
1110
1148
1186
921
959
997
1035
1073
1111
1149
1187
922
960
998
1036
1074
1112
1150
1188
923
961
999
1037
1075
1113
1151
1189
924
962
1000
1038
1076
1114
1152
1190
925
963
1001
1039
1077
1115
1153
1191
926
964
1002
1040
1078
1116
1154
1192
927
965
1003
1041
1079
1117
1155
1193
928
966
1004
1042
1080
1118
1156
1194
929
967
1005
1043
1081
1119
1157
1195
930
968
1006
1044
1082
1120
1158
1196
931
969
1007
1045
1083
1121
1159
1197
932
970
1008
1046
1084
1122
1160
1198
933
971
1009
1047
1085
1123
1161
1199
934
972
1010
1048
1086
1124
1162
1200
935
973
1011
1049
1087
1125
1163
1201
936
974
1012
1050
1088
1126
1164
1202
937
975
1013
1051
1089
1127
1165
1203
938
976
1014
1052
1090
1128
1166
1204
939
977
1015
1053
1091
1129
1167
1205
940
978
1016
1054
1092
1130
1168
1206
941
979
1017
1055
1093
1131
1169
1207
942
980
1018
1056
1094
1132
1170
1208
943
981
1019
1057
1095
1133
1171
1209
944
982
1020
1058
1096
1134
1172
1210
945
983
1021
1059
1097
1135
1173
1211
946
984
1022
1060
1098
1136
1174
1212
947
985
1023
1061
1099
1137
1175
1213
948
986
1024
1062
1100
1138
1176
1214
949
987
1025
1063
1101
1139
1177
1215
1216
1254
1292
1330
1217
1255
1293
1331
1218
1256
1294
1332
1219
1257
1295
1333
1220
1258
1296
1334
1221
1259
1297
1335
1222
1260
1298
1336
1223
1261
1299
1337
1224
1262
1300
1338
1225
1263
1301
1339
1226
1264
1302
1340
1227
1265
1303
1341
1228
1266
1304
1342
1229
1267
1305
1343
1230
1268
1306
1344
1231
1269
1307
1345
1232
1270
1308
1346
1233
1271
1309
1347
1234
1272
1310
1348
1235
1273
1311
1349
1236
1274
1312
1350
1237
1275
1313
1351
1238
1276
1314
1352
1239
1277
1315
1353
1240
1278
1316
1354
1241
1279
1317
1355
1242
1280
1318
1356
1243
1281
1319
1357
1244
1282
1320
1358
1245
1283
1321
1359
1246
1284
1322
1360
1247
1285
1323
1361
1248
1286
1324
1362
1249
1287
1325
1363
1250
1288
1326
1364
1251
1289
1327
1365
1252
1290
1328
1366
1253
1291
1329
1367
1368
1406
1444
1482
1369
1407
1445
1483
1370
1408
1446
1484
1371
1409
1447
1485
1372
1410
1448
1486
1373
1411
1449
1487
1374
1412
1450
1488
1375
1413
1451
1489
1376
1414
1452
1490
1377
1415
1453
1491
1378
1416
1454
1492
1379
1417
1455
1493
1380
1418
1456
1494
1381
1419
1457
1495
1382
1420
1458
1496
1383
1421
1459
1497
1384
1422
1460
1498
1385
1423
1461
1499
1386
1424
1462
1500
1387
1425
1463
1501
1388
1426
1464
1502
1389
1427
1465
1503
1390
1428
1466
1504
1391
1429
1467
1505
1392
1430
1468
1506
1393
1431
1469
1507
1394
1432
1470
1508
1395
1433
1471
1509
1396
1434
1472
1510
1397
1435
1473
1511
1398
1436
1474
1512
1399
1437
1475
1513
1400
1438
1476
1514
1401
1439
1477
1515
1402
1440
1478
1516
1403
1441
1479
1517
1404
1442
1480
1518
1405
1443
1481
1519
)


// ************************************************************************* //
