/*--------------------------------*- C++ -*----------------------------------*\
| =========                 |                                                 |
| \\      /  F ield         | OpenFOAM: The Open Source CFD Toolbox           |
|  \\    /   O peration     | Version:  2412                                  |
|   \\  /    A nd           | Website:  www.openfoam.com                      |
|    \\/     M anipulation  |                                                 |
\*---------------------------------------------------------------------------*/
FoamFile
{
    version     2.0;
    format      ascii;
    arch        "LSB;label=32;scalar=64";
    note        "nPoints:6997  nCells:4848  nFaces:16556  nInternalFaces:12532";
    class       labelList;
    location    "constant/polyMesh";
    object      neighbour;
}
// * * * * * * * * * * * * * * * * * * * * * * * * * * * * * * * * * * * * * //


12532
(
1
38
304
1330
2
39
305
1331
3
40
306
1332
4
41
307
1333
5
42
308
1334
6
43
309
1335
7
44
310
1336
8
45
311
1337
9
46
312
1338
10
47
313
1339
11
48
314
1340
12
49
315
1341
13
50
316
1342
14
51
317
1343
15
52
318
1344
16
53
319
1345
17
54
320
1346
18
55
321
1347
19
56
322
1348
20
57
323
1349
21
58
324
1350
22
59
325
1351
23
60
326
1352
24
61
327
1353
25
62
328
1354
26
63
329
1355
27
64
330
1356
28
65
331
1357
29
66
332
1358
30
67
333
1359
31
68
334
1360
32
69
335
1361
33
70
336
1362
34
71
337
1363
35
72
338
1364
36
73
339
1365
37
74
340
1366
75
341
1367
39
76
342
40
77
343
41
78
344
42
79
345
43
80
346
44
81
347
45
82
348
46
83
349
47
84
350
48
85
351
49
86
352
50
87
353
51
88
354
52
89
355
53
90
356
54
91
357
55
92
358
56
93
359
57
94
360
58
95
361
59
96
362
60
97
363
61
98
364
62
99
365
63
100
366
64
101
367
65
102
368
66
103
369
67
104
370
68
105
371
69
106
372
70
107
373
71
108
374
72
109
375
73
110
376
74
111
377
75
112
378
113
379
77
114
380
78
115
381
79
116
382
80
117
383
81
118
384
82
119
385
83
120
386
84
121
387
85
122
388
86
123
389
87
124
390
88
125
391
89
126
392
90
127
393
91
128
394
92
129
395
93
130
396
94
131
397
95
132
398
96
133
399
97
134
400
98
135
401
99
136
402
100
137
403
101
138
404
102
139
405
103
140
406
104
141
407
105
142
408
106
143
409
107
144
410
108
145
411
109
146
412
110
147
413
111
148
414
112
149
415
113
150
416
151
417
115
152
418
116
153
419
117
154
420
118
155
421
119
156
422
120
157
423
121
158
424
122
159
425
123
160
426
124
161
427
125
162
428
126
163
429
127
164
430
128
165
431
129
166
432
130
167
433
131
168
434
132
169
435
133
170
436
134
171
437
135
172
438
136
173
439
137
174
440
138
175
441
139
176
442
140
177
443
141
178
444
142
179
445
143
180
446
144
181
447
145
182
448
146
183
449
147
184
450
148
185
451
149
186
452
150
187
453
151
188
454
189
455
153
190
456
154
191
457
155
192
458
156
193
459
157
194
460
158
195
461
159
196
462
160
197
463
161
198
464
162
199
465
163
200
466
164
201
467
165
202
468
166
203
469
167
204
470
168
205
471
169
206
472
170
207
473
171
208
474
172
209
475
173
210
476
174
211
477
175
212
478
176
213
479
177
214
480
178
215
481
179
216
482
180
217
483
181
218
484
182
219
485
183
220
486
184
221
487
185
222
488
186
223
489
187
224
490
188
225
491
189
226
492
227
493
191
228
494
192
229
495
193
230
496
194
231
497
195
232
498
196
233
499
197
234
500
198
235
501
199
236
502
200
237
503
201
238
504
202
239
505
203
240
506
204
241
507
205
242
508
206
243
509
207
244
510
208
245
511
209
246
512
210
247
513
211
248
514
212
249
515
213
250
516
214
251
517
215
252
518
216
253
519
217
254
520
218
255
521
219
256
522
220
257
523
221
258
524
222
259
525
223
260
526
224
261
527
225
262
528
226
263
529
227
264
530
265
531
229
266
532
230
267
533
231
268
534
232
269
535
233
270
536
234
271
537
235
272
538
236
273
539
237
274
540
238
275
541
239
276
542
240
277
543
241
278
544
242
279
545
243
280
546
244
281
547
245
282
548
246
283
549
247
284
550
248
285
551
249
286
552
250
287
553
251
288
554
252
289
555
253
290
556
254
291
557
255
292
558
256
293
559
257
294
560
258
295
561
259
296
562
260
297
563
261
298
564
262
299
565
263
300
566
264
301
567
265
302
568
303
569
267
570
268
571
269
572
270
573
271
574
272
575
273
576
274
577
275
578
276
579
277
580
278
581
279
582
280
583
281
584
282
585
283
586
284
587
285
588
286
589
287
590
288
591
289
592
290
593
291
594
292
595
293
596
294
597
295
598
296
599
297
600
298
601
299
602
300
603
301
604
302
605
303
606
607
305
342
1482
306
343
1483
307
344
1484
308
345
1485
309
346
1486
310
347
1487
311
348
1488
312
349
1489
313
350
1490
314
351
1491
315
352
1492
316
353
1493
317
354
1494
318
355
1495
319
356
1496
320
357
1497
321
358
1498
322
359
1499
323
360
1500
324
361
1501
325
362
1502
326
363
1503
327
364
1504
328
365
1505
329
366
1506
330
367
1507
331
368
1508
332
369
1509
333
370
1510
334
371
1511
335
372
1512
336
373
1513
337
374
1514
338
375
1515
339
376
1516
340
377
1517
341
378
1518
379
1519
343
380
344
381
345
382
346
383
347
384
348
385
349
386
350
387
351
388
352
389
353
390
354
391
355
392
356
393
357
394
358
395
359
396
360
397
361
398
362
399
363
400
364
401
365
402
366
403
367
404
368
405
369
406
370
407
371
408
372
409
373
410
374
411
375
412
376
413
377
414
378
415
379
416
417
381
418
382
419
383
420
384
421
385
422
386
423
387
424
388
425
389
426
390
427
391
428
392
429
393
430
394
431
395
432
396
433
397
434
398
435
399
436
400
437
401
438
402
439
403
440
404
441
405
442
406
443
407
444
408
445
409
446
410
447
411
448
412
449
413
450
414
451
415
452
416
453
417
454
455
419
456
420
457
421
458
422
459
423
460
424
461
425
462
426
463
427
464
428
465
429
466
430
467
431
468
432
469
433
470
434
471
435
472
436
473
437
474
438
475
439
476
440
477
441
478
442
479
443
480
444
481
445
482
446
483
447
484
448
485
449
486
450
487
451
488
452
489
453
490
454
491
455
492
493
457
494
458
495
459
496
460
497
461
498
462
499
463
500
464
501
465
502
466
503
467
504
468
505
469
506
470
507
471
508
472
509
473
510
474
511
475
512
476
513
477
514
478
515
479
516
480
517
481
518
482
519
483
520
484
521
485
522
486
523
487
524
488
525
489
526
490
527
491
528
492
529
493
530
531
495
532
496
533
497
534
498
535
499
536
500
537
501
538
502
539
503
540
504
541
505
542
506
543
507
544
508
545
509
546
510
547
511
548
512
549
513
550
514
551
515
552
516
553
517
554
518
555
519
556
520
557
521
558
522
559
523
560
524
561
525
562
526
563
527
564
528
565
529
566
530
567
531
568
569
533
570
534
571
535
572
536
573
537
574
538
575
539
576
540
577
541
578
542
579
543
580
544
581
545
582
546
583
547
584
548
585
549
586
550
587
551
588
552
589
553
590
554
591
555
592
556
593
557
594
558
595
559
596
560
597
561
598
562
599
563
600
564
601
565
602
566
603
567
604
568
605
569
606
607
571
572
573
574
575
576
577
578
579
580
581
582
583
584
585
586
587
588
589
590
591
592
593
594
595
596
597
598
599
600
601
602
603
604
605
606
607
609
646
912
610
647
913
611
648
914
612
649
915
613
650
916
614
651
917
615
652
918
616
653
919
617
654
920
618
655
921
619
656
922
620
657
923
621
658
924
622
659
925
623
660
926
624
661
927
625
662
928
626
663
929
627
664
930
628
665
931
629
666
932
630
667
933
631
668
934
632
669
935
633
670
936
634
671
937
635
672
938
636
673
939
637
674
940
638
675
941
639
676
942
640
677
943
641
678
944
642
679
945
643
680
946
644
681
947
645
682
948
683
949
647
684
950
648
685
951
649
686
952
650
687
953
651
688
954
652
689
955
653
690
956
654
691
957
655
692
958
656
693
959
657
694
960
658
695
961
659
696
962
660
697
963
661
698
964
662
699
965
663
700
966
664
701
967
665
702
968
666
703
969
667
704
970
668
705
971
669
706
972
670
707
973
671
708
974
672
709
975
673
710
976
674
711
977
675
712
978
676
713
979
677
714
980
678
715
981
679
716
982
680
717
983
681
718
984
682
719
985
683
720
986
721
987
685
722
988
686
723
989
687
724
990
688
725
991
689
726
992
690
727
993
691
728
994
692
729
995
693
730
996
694
731
997
695
732
998
696
733
999
697
734
1000
698
735
1001
699
736
1002
700
737
1003
701
738
1004
702
739
1005
703
740
1006
704
741
1007
705
742
1008
706
743
1009
707
744
1010
708
745
1011
709
746
1012
710
747
1013
711
748
1014
712
749
1015
713
750
1016
714
751
1017
715
752
1018
716
753
1019
717
754
1020
718
755
1021
719
756
1022
720
757
1023
721
758
1024
759
1025
723
760
1026
724
761
1027
725
762
1028
726
763
1029
727
764
1030
728
765
1031
729
766
1032
730
767
1033
731
768
1034
732
769
1035
733
770
1036
734
771
1037
735
772
1038
736
773
1039
737
774
1040
738
775
1041
739
776
1042
740
777
1043
741
778
1044
742
779
1045
743
780
1046
744
781
1047
745
782
1048
746
783
1049
747
784
1050
748
785
1051
749
786
1052
750
787
1053
751
788
1054
752
789
1055
753
790
1056
754
791
1057
755
792
1058
756
793
1059
757
794
1060
758
795
1061
759
796
1062
797
1063
761
798
1064
762
799
1065
763
800
1066
764
801
1067
765
802
1068
766
803
1069
767
804
1070
768
805
1071
769
806
1072
770
807
1073
771
808
1074
772
809
1075
773
810
1076
774
811
1077
775
812
1078
776
813
1079
777
814
1080
778
815
1081
779
816
1082
780
817
1083
781
818
1084
782
819
1085
783
820
1086
784
821
1087
785
822
1088
786
823
1089
787
824
1090
788
825
1091
789
826
1092
790
827
1093
791
828
1094
792
829
1095
793
830
1096
794
831
1097
795
832
1098
796
833
1099
797
834
1100
835
1101
799
836
1102
800
837
1103
801
838
1104
802
839
1105
803
840
1106
804
841
1107
805
842
1108
806
843
1109
807
844
1110
808
845
1111
809
846
1112
810
847
1113
811
848
1114
812
849
1115
813
850
1116
814
851
1117
815
852
1118
816
853
1119
817
854
1120
818
855
1121
819
856
1122
820
857
1123
821
858
1124
822
859
1125
823
860
1126
824
861
1127
825
862
1128
826
863
1129
827
864
1130
828
865
1131
829
866
1132
830
867
1133
831
868
1134
832
869
1135
833
870
1136
834
871
1137
835
872
1138
873
1139
837
874
1140
838
875
1141
839
876
1142
840
877
1143
841
878
1144
842
879
1145
843
880
1146
844
881
1147
845
882
1148
846
883
1149
847
884
1150
848
885
1151
849
886
1152
850
887
1153
851
888
1154
852
889
1155
853
890
1156
854
891
1157
855
892
1158
856
893
1159
857
894
1160
858
895
1161
859
896
1162
860
897
1163
861
898
1164
862
899
1165
863
900
1166
864
901
1167
865
902
1168
866
903
1169
867
904
1170
868
905
1171
869
906
1172
870
907
1173
871
908
1174
872
909
1175
873
910
1176
911
1177
875
1178
1216
876
1179
1217
877
1180
1218
878
1181
1219
879
1182
1220
880
1183
1221
881
1184
1222
882
1185
1223
883
1186
1224
884
1187
1225
885
1188
1226
886
1189
1227
887
1190
1228
888
1191
1229
889
1192
1230
890
1193
1231
891
1194
1232
892
1195
1233
893
1196
1234
894
1197
1235
895
1198
1236
896
1199
1237
897
1200
1238
898
1201
1239
899
1202
1240
900
1203
1241
901
1204
1242
902
1205
1243
903
1206
1244
904
1207
1245
905
1208
1246
906
1209
1247
907
1210
1248
908
1211
1249
909
1212
1250
910
1213
1251
911
1214
1252
1215
1253
913
950
914
951
915
952
916
953
917
954
918
955
919
956
920
957
921
958
922
959
923
960
924
961
925
962
926
963
927
964
928
965
929
966
930
967
931
968
932
969
933
970
934
971
935
972
936
973
937
974
938
975
939
976
940
977
941
978
942
979
943
980
944
981
945
982
946
983
947
984
948
985
949
986
987
951
988
952
989
953
990
954
991
955
992
956
993
957
994
958
995
959
996
960
997
961
998
962
999
963
1000
964
1001
965
1002
966
1003
967
1004
968
1005
969
1006
970
1007
971
1008
972
1009
973
1010
974
1011
975
1012
976
1013
977
1014
978
1015
979
1016
980
1017
981
1018
982
1019
983
1020
984
1021
985
1022
986
1023
987
1024
1025
989
1026
990
1027
991
1028
992
1029
993
1030
994
1031
995
1032
996
1033
997
1034
998
1035
999
1036
1000
1037
1001
1038
1002
1039
1003
1040
1004
1041
1005
1042
1006
1043
1007
1044
1008
1045
1009
1046
1010
1047
1011
1048
1012
1049
1013
1050
1014
1051
1015
1052
1016
1053
1017
1054
1018
1055
1019
1056
1020
1057
1021
1058
1022
1059
1023
1060
1024
1061
1025
1062
1063
1027
1064
1028
1065
1029
1066
1030
1067
1031
1068
1032
1069
1033
1070
1034
1071
1035
1072
1036
1073
1037
1074
1038
1075
1039
1076
1040
1077
1041
1078
1042
1079
1043
1080
1044
1081
1045
1082
1046
1083
1047
1084
1048
1085
1049
1086
1050
1087
1051
1088
1052
1089
1053
1090
1054
1091
1055
1092
1056
1093
1057
1094
1058
1095
1059
1096
1060
1097
1061
1098
1062
1099
1063
1100
1101
1065
1102
1066
1103
1067
1104
1068
1105
1069
1106
1070
1107
1071
1108
1072
1109
1073
1110
1074
1111
1075
1112
1076
1113
1077
1114
1078
1115
1079
1116
1080
1117
1081
1118
1082
1119
1083
1120
1084
1121
1085
1122
1086
1123
1087
1124
1088
1125
1089
1126
1090
1127
1091
1128
1092
1129
1093
1130
1094
1131
1095
1132
1096
1133
1097
1134
1098
1135
1099
1136
1100
1137
1101
1138
1139
1103
1140
1104
1141
1105
1142
1106
1143
1107
1144
1108
1145
1109
1146
1110
1147
1111
1148
1112
1149
1113
1150
1114
1151
1115
1152
1116
1153
1117
1154
1118
1155
1119
1156
1120
1157
1121
1158
1122
1159
1123
1160
1124
1161
1125
1162
1126
1163
1127
1164
1128
1165
1129
1166
1130
1167
1131
1168
1132
1169
1133
1170
1134
1171
1135
1172
1136
1173
1137
1174
1138
1175
1139
1176
1177
1141
1178
1142
1179
1143
1180
1144
1181
1145
1182
1146
1183
1147
1184
1148
1185
1149
1186
1150
1187
1151
1188
1152
1189
1153
1190
1154
1191
1155
1192
1156
1193
1157
1194
1158
1195
1159
1196
1160
1197
1161
1198
1162
1199
1163
1200
1164
1201
1165
1202
1166
1203
1167
1204
1168
1205
1169
1206
1170
1207
1171
1208
1172
1209
1173
1210
1174
1211
1175
1212
1176
1213
1177
1214
1215
1179
1368
1180
1369
1181
1370
1182
1371
1183
1372
1184
1373
1185
1374
1186
1375
1187
1376
1188
1377
1189
1378
1190
1379
1191
1380
1192
1381
1193
1382
1194
1383
1195
1384
1196
1385
1197
1386
1198
1387
1199
1388
1200
1389
1201
1390
1202
1391
1203
1392
1204
1393
1205
1394
1206
1395
1207
1396
1208
1397
1209
1398
1210
1399
1211
1400
1212
1401
1213
1402
1214
1403
1215
1404
1405
1217
1254
1368
1218
1255
1369
1219
1256
1370
1220
1257
1371
1221
1258
1372
1222
1259
1373
1223
1260
1374
1224
1261
1375
1225
1262
1376
1226
1263
1377
1227
1264
1378
1228
1265
1379
1229
1266
1380
1230
1267
1381
1231
1268
1382
1232
1269
1383
1233
1270
1384
1234
1271
1385
1235
1272
1386
1236
1273
1387
1237
1274
1388
1238
1275
1389
1239
1276
1390
1240
1277
1391
1241
1278
1392
1242
1279
1393
1243
1280
1394
1244
1281
1395
1245
1282
1396
1246
1283
1397
1247
1284
1398
1248
1285
1399
1249
1286
1400
1250
1287
1401
1251
1288
1402
1252
1289
1403
1253
1290
1404
1291
1405
1255
1292
1406
1256
1293
1407
1257
1294
1408
1258
1295
1409
1259
1296
1410
1260
1297
1411
1261
1298
1412
1262
1299
1413
1263
1300
1414
1264
1301
1415
1265
1302
1416
1266
1303
1417
1267
1304
1418
1268
1305
1419
1269
1306
1420
1270
1307
1421
1271
1308
1422
1272
1309
1423
1273
1310
1424
1274
1311
1425
1275
1312
1426
1276
1313
1427
1277
1314
1428
1278
1315
1429
1279
1316
1430
1280
1317
1431
1281
1318
1432
1282
1319
1433
1283
1320
1434
1284
1321
1435
1285
1322
1436
1286
1323
1437
1287
1324
1438
1288
1325
1439
1289
1326
1440
1290
1327
1441
1291
1328
1442
1329
1443
1293
1330
1444
1294
1331
1445
1295
1332
1446
1296
1333
1447
1297
1334
1448
1298
1335
1449
1299
1336
1450
1300
1337
1451
1301
1338
1452
1302
1339
1453
1303
1340
1454
1304
1341
1455
1305
1342
1456
1306
1343
1457
1307
1344
1458
1308
1345
1459
1309
1346
1460
1310
1347
1461
1311
1348
1462
1312
1349
1463
1313
1350
1464
1314
1351
1465
1315
1352
1466
1316
1353
1467
1317
1354
1468
1318
1355
1469
1319
1356
1470
1320
1357
1471
1321
1358
1472
1322
1359
1473
1323
1360
1474
1324
1361
1475
1325
1362
1476
1326
1363
1477
1327
1364
1478
1328
1365
1479
1329
1366
1480
1367
1481
1331
1482
1332
1483
1333
1484
1334
1485
1335
1486
1336
1487
1337
1488
1338
1489
1339
1490
1340
1491
1341
1492
1342
1493
1343
1494
1344
1495
1345
1496
1346
1497
1347
1498
1348
1499
1349
1500
1350
1501
1351
1502
1352
1503
1353
1504
1354
1505
1355
1506
1356
1507
1357
1508
1358
1509
1359
1510
1360
1511
1361
1512
1362
1513
1363
1514
1364
1515
1365
1516
1366
1517
1367
1518
1519
1369
1406
1370
1407
1371
1408
1372
1409
1373
1410
1374
1411
1375
1412
1376
1413
1377
1414
1378
1415
1379
1416
1380
1417
1381
1418
1382
1419
1383
1420
1384
1421
1385
1422
1386
1423
1387
1424
1388
1425
1389
1426
1390
1427
1391
1428
1392
1429
1393
1430
1394
1431
1395
1432
1396
1433
1397
1434
1398
1435
1399
1436
1400
1437
1401
1438
1402
1439
1403
1440
1404
1441
1405
1442
1443
1407
1444
1408
1445
1409
1446
1410
1447
1411
1448
1412
1449
1413
1450
1414
1451
1415
1452
1416
1453
1417
1454
1418
1455
1419
1456
1420
1457
1421
1458
1422
1459
1423
1460
1424
1461
1425
1462
1426
1463
1427
1464
1428
1465
1429
1466
1430
1467
1431
1468
1432
1469
1433
1470
1434
1471
1435
1472
1436
1473
1437
1474
1438
1475
1439
1476
1440
1477
1441
1478
1442
1479
1443
1480
1481
1445
1482
1446
1483
1447
1484
1448
1485
1449
1486
1450
1487
1451
1488
1452
1489
1453
1490
1454
1491
1455
1492
1456
1493
1457
1494
1458
1495
1459
1496
1460
1497
1461
1498
1462
1499
1463
1500
1464
1501
1465
1502
1466
1503
1467
1504
1468
1505
1469
1506
1470
1507
1471
1508
1472
1509
1473
1510
1474
1511
1475
1512
1476
1513
1477
1514
1478
1515
1479
1516
1480
1517
1481
1518
1519
1483
1484
1485
1486
1487
1488
1489
1490
1491
1492
1493
1494
1495
1496
1497
1498
1499
1500
1501
1502
1503
1504
1505
1506
1507
1508
1509
1510
1511
1512
1513
1514
1515
1516
1517
1518
1519
1521
1532
1616
1522
1533
1617
1523
1534
1618
1524
1535
1619
1525
1536
1620
1526
1537
1621
1527
1538
1622
1528
1539
1623
1529
1540
1624
1530
1541
1625
1531
1542
1626
1543
1627
1904
1533
1544
1628
1534
1545
1629
1535
1546
1630
1536
1547
1631
1537
1548
1632
1538
1549
1633
1539
1550
1634
1540
1551
1635
1541
1552
1636
1542
1553
1637
1543
1554
1638
1555
1639
1912
1545
1556
1640
1546
1557
1641
1547
1558
1642
1548
1559
1643
1549
1560
1644
1550
1561
1645
1551
1562
1646
1552
1563
1647
1553
1564
1648
1554
1565
1649
1555
1566
1650
1567
1651
1920
1557
1568
1652
1558
1569
1653
1559
1570
1654
1560
1571
1655
1561
1572
1656
1562
1573
1657
1563
1574
1658
1564
1575
1659
1565
1576
1660
1566
1577
1661
1567
1578
1662
1579
1663
1928
1569
1580
1664
1570
1581
1665
1571
1582
1666
1572
1583
1667
1573
1584
1668
1574
1585
1669
1575
1586
1670
1576
1587
1671
1577
1588
1672
1578
1589
1673
1579
1590
1674
1591
1675
1936
1581
1592
1676
1582
1593
1677
1583
1594
1678
1584
1595
1679
1585
1596
1680
1586
1597
1681
1587
1598
1682
1588
1599
1683
1589
1600
1684
1590
1601
1685
1591
1602
1686
1603
1687
1944
1593
1604
1688
1594
1605
1689
1595
1606
1690
1596
1607
1691
1597
1608
1692
1598
1609
1693
1599
1610
1694
1600
1611
1695
1601
1612
1696
1602
1613
1697
1603
1614
1698
1615
1699
1952
1605
1700
2928
1606
1701
2929
1607
1702
2930
1608
1703
2931
1609
1704
2932
1610
1705
2933
1611
1706
2934
1612
1707
2935
1613
1708
2936
1614
1709
2937
1615
1710
2938
1711
1960
2939
1617
1628
1712
1618
1629
1713
1619
1630
1714
1620
1631
1715
1621
1632
1716
1622
1633
1717
1623
1634
1718
1624
1635
1719
1625
1636
1720
1626
1637
1721
1627
1638
1722
1639
1723
1968
1629
1640
1724
1630
1641
1725
1631
1642
1726
1632
1643
1727
1633
1644
1728
1634
1645
1729
1635
1646
1730
1636
1647
1731
1637
1648
1732
1638
1649
1733
1639
1650
1734
1651
1735
1976
1641
1652
1736
1642
1653
1737
1643
1654
1738
1644
1655
1739
1645
1656
1740
1646
1657
1741
1647
1658
1742
1648
1659
1743
1649
1660
1744
1650
1661
1745
1651
1662
1746
1663
1747
1984
1653
1664
1748
1654
1665
1749
1655
1666
1750
1656
1667
1751
1657
1668
1752
1658
1669
1753
1659
1670
1754
1660
1671
1755
1661
1672
1756
1662
1673
1757
1663
1674
1758
1675
1759
1992
1665
1676
1760
1666
1677
1761
1667
1678
1762
1668
1679
1763
1669
1680
1764
1670
1681
1765
1671
1682
1766
1672
1683
1767
1673
1684
1768
1674
1685
1769
1675
1686
1770
1687
1771
2000
1677
1688
1772
1678
1689
1773
1679
1690
1774
1680
1691
1775
1681
1692
1776
1682
1693
1777
1683
1694
1778
1684
1695
1779
1685
1696
1780
1686
1697
1781
1687
1698
1782
1699
1783
2008
1689
1700
1784
1690
1701
1785
1691
1702
1786
1692
1703
1787
1693
1704
1788
1694
1705
1789
1695
1706
1790
1696
1707
1791
1697
1708
1792
1698
1709
1793
1699
1710
1794
1711
1795
2016
1701
1796
3024
1702
1797
3025
1703
1798
3026
1704
1799
3027
1705
1800
3028
1706
1801
3029
1707
1802
3030
1708
1803
3031
1709
1804
3032
1710
1805
3033
1711
1806
3034
1807
2024
3035
1713
1724
1808
1714
1725
1809
1715
1726
1810
1716
1727
1811
1717
1728
1812
1718
1729
1813
1719
1730
1814
1720
1731
1815
1721
1732
1816
1722
1733
1817
1723
1734
1818
1735
1819
2032
1725
1736
1820
1726
1737
1821
1727
1738
1822
1728
1739
1823
1729
1740
1824
1730
1741
1825
1731
1742
1826
1732
1743
1827
1733
1744
1828
1734
1745
1829
1735
1746
1830
1747
1831
2040
1737
1748
1832
1738
1749
1833
1739
1750
1834
1740
1751
1835
1741
1752
1836
1742
1753
1837
1743
1754
1838
1744
1755
1839
1745
1756
1840
1746
1757
1841
1747
1758
1842
1759
1843
2048
1749
1760
1844
1750
1761
1845
1751
1762
1846
1752
1763
1847
1753
1764
1848
1754
1765
1849
1755
1766
1850
1756
1767
1851
1757
1768
1852
1758
1769
1853
1759
1770
1854
1771
1855
2056
1761
1772
1856
1762
1773
1857
1763
1774
1858
1764
1775
1859
1765
1776
1860
1766
1777
1861
1767
1778
1862
1768
1779
1863
1769
1780
1864
1770
1781
1865
1771
1782
1866
1783
1867
2064
1773
1784
1868
1774
1785
1869
1775
1786
1870
1776
1787
1871
1777
1788
1872
1778
1789
1873
1779
1790
1874
1780
1791
1875
1781
1792
1876
1782
1793
1877
1783
1794
1878
1795
1879
2072
1785
1796
1880
1786
1797
1881
1787
1798
1882
1788
1799
1883
1789
1800
1884
1790
1801
1885
1791
1802
1886
1792
1803
1887
1793
1804
1888
1794
1805
1889
1795
1806
1890
1807
1891
2080
1797
1892
3120
1798
1893
3121
1799
1894
3122
1800
1895
3123
1801
1896
3124
1802
1897
3125
1803
1898
3126
1804
1899
3127
1805
1900
3128
1806
1901
3129
1807
1902
3130
1903
2088
3131
1809
1820
1810
1821
1811
1822
1812
1823
1813
1824
1814
1825
1815
1826
1816
1827
1817
1828
1818
1829
1819
1830
1831
2096
1821
1832
1822
1833
1823
1834
1824
1835
1825
1836
1826
1837
1827
1838
1828
1839
1829
1840
1830
1841
1831
1842
1843
2104
1833
1844
1834
1845
1835
1846
1836
1847
1837
1848
1838
1849
1839
1850
1840
1851
1841
1852
1842
1853
1843
1854
1855
2112
1845
1856
1846
1857
1847
1858
1848
1859
1849
1860
1850
1861
1851
1862
1852
1863
1853
1864
1854
1865
1855
1866
1867
2120
1857
1868
1858
1869
1859
1870
1860
1871
1861
1872
1862
1873
1863
1874
1864
1875
1865
1876
1866
1877
1867
1878
1879
2128
1869
1880
1870
1881
1871
1882
1872
1883
1873
1884
1874
1885
1875
1886
1876
1887
1877
1888
1878
1889
1879
1890
1891
2136
1881
1892
1882
1893
1883
1894
1884
1895
1885
1896
1886
1897
1887
1898
1888
1899
1889
1900
1890
1901
1891
1902
1903
2144
1893
3216
1894
3217
1895
3218
1896
3219
1897
3220
1898
3221
1899
3222
1900
3223
1901
3224
1902
3225
1903
3226
2152
3227
1905
1912
1968
1906
1913
1969
1907
1914
1970
1908
1915
1971
1909
1916
1972
1910
1917
1973
1911
1918
1974
1919
1975
2160
1913
1920
1976
1914
1921
1977
1915
1922
1978
1916
1923
1979
1917
1924
1980
1918
1925
1981
1919
1926
1982
1927
1983
2172
1921
1928
1984
1922
1929
1985
1923
1930
1986
1924
1931
1987
1925
1932
1988
1926
1933
1989
1927
1934
1990
1935
1991
2184
1929
1936
1992
1930
1937
1993
1931
1938
1994
1932
1939
1995
1933
1940
1996
1934
1941
1997
1935
1942
1998
1943
1999
2196
1937
1944
2000
1938
1945
2001
1939
1946
2002
1940
1947
2003
1941
1948
2004
1942
1949
2005
1943
1950
2006
1951
2007
2208
1945
1952
2008
1946
1953
2009
1947
1954
2010
1948
1955
2011
1949
1956
2012
1950
1957
2013
1951
1958
2014
1959
2015
2220
1953
1960
2016
1954
1961
2017
1955
1962
2018
1956
1963
2019
1957
1964
2020
1958
1965
2021
1959
1966
2022
1967
2023
2232
1961
2024
1962
2025
1963
2026
1964
2027
1965
2028
1966
2029
1967
2030
2031
2244
1969
1976
2032
1970
1977
2033
1971
1978
2034
1972
1979
2035
1973
1980
2036
1974
1981
2037
1975
1982
2038
1983
2039
2256
1977
1984
2040
1978
1985
2041
1979
1986
2042
1980
1987
2043
1981
1988
2044
1982
1989
2045
1983
1990
2046
1991
2047
2268
1985
1992
2048
1986
1993
2049
1987
1994
2050
1988
1995
2051
1989
1996
2052
1990
1997
2053
1991
1998
2054
1999
2055
2280
1993
2000
2056
1994
2001
2057
1995
2002
2058
1996
2003
2059
1997
2004
2060
1998
2005
2061
1999
2006
2062
2007
2063
2292
2001
2008
2064
2002
2009
2065
2003
2010
2066
2004
2011
2067
2005
2012
2068
2006
2013
2069
2007
2014
2070
2015
2071
2304
2009
2016
2072
2010
2017
2073
2011
2018
2074
2012
2019
2075
2013
2020
2076
2014
2021
2077
2015
2022
2078
2023
2079
2316
2017
2024
2080
2018
2025
2081
2019
2026
2082
2020
2027
2083
2021
2028
2084
2022
2029
2085
2023
2030
2086
2031
2087
2328
2025
2088
2026
2089
2027
2090
2028
2091
2029
2092
2030
2093
2031
2094
2095
2340
2033
2040
2096
2034
2041
2097
2035
2042
2098
2036
2043
2099
2037
2044
2100
2038
2045
2101
2039
2046
2102
2047
2103
2352
2041
2048
2104
2042
2049
2105
2043
2050
2106
2044
2051
2107
2045
2052
2108
2046
2053
2109
2047
2054
2110
2055
2111
2364
2049
2056
2112
2050
2057
2113
2051
2058
2114
2052
2059
2115
2053
2060
2116
2054
2061
2117
2055
2062
2118
2063
2119
2376
2057
2064
2120
2058
2065
2121
2059
2066
2122
2060
2067
2123
2061
2068
2124
2062
2069
2125
2063
2070
2126
2071
2127
2388
2065
2072
2128
2066
2073
2129
2067
2074
2130
2068
2075
2131
2069
2076
2132
2070
2077
2133
2071
2078
2134
2079
2135
2400
2073
2080
2136
2074
2081
2137
2075
2082
2138
2076
2083
2139
2077
2084
2140
2078
2085
2141
2079
2086
2142
2087
2143
2412
2081
2088
2144
2082
2089
2145
2083
2090
2146
2084
2091
2147
2085
2092
2148
2086
2093
2149
2087
2094
2150
2095
2151
2424
2089
2152
2090
2153
2091
2154
2092
2155
2093
2156
2094
2157
2095
2158
2159
2436
2097
2104
2098
2105
2099
2106
2100
2107
2101
2108
2102
2109
2103
2110
2111
2448
2105
2112
2106
2113
2107
2114
2108
2115
2109
2116
2110
2117
2111
2118
2119
2460
2113
2120
2114
2121
2115
2122
2116
2123
2117
2124
2118
2125
2119
2126
2127
2472
2121
2128
2122
2129
2123
2130
2124
2131
2125
2132
2126
2133
2127
2134
2135
2484
2129
2136
2130
2137
2131
2138
2132
2139
2133
2140
2134
2141
2135
2142
2143
2496
2137
2144
2138
2145
2139
2146
2140
2147
2141
2148
2142
2149
2143
2150
2151
2508
2145
2152
2146
2153
2147
2154
2148
2155
2149
2156
2150
2157
2151
2158
2159
2520
2153
2154
2155
2156
2157
2158
2159
2532
2161
2172
2256
2162
2173
2257
2163
2174
2258
2164
2175
2259
2165
2176
2260
2166
2177
2261
2167
2178
2262
2168
2179
2263
2169
2180
2264
2170
2181
2265
2171
2182
2266
2183
2267
2173
2184
2268
2174
2185
2269
2175
2186
2270
2176
2187
2271
2177
2188
2272
2178
2189
2273
2179
2190
2274
2180
2191
2275
2181
2192
2276
2182
2193
2277
2183
2194
2278
2195
2279
2185
2196
2280
2186
2197
2281
2187
2198
2282
2188
2199
2283
2189
2200
2284
2190
2201
2285
2191
2202
2286
2192
2203
2287
2193
2204
2288
2194
2205
2289
2195
2206
2290
2207
2291
2197
2208
2292
2198
2209
2293
2199
2210
2294
2200
2211
2295
2201
2212
2296
2202
2213
2297
2203
2214
2298
2204
2215
2299
2205
2216
2300
2206
2217
2301
2207
2218
2302
2219
2303
2209
2220
2304
2210
2221
2305
2211
2222
2306
2212
2223
2307
2213
2224
2308
2214
2225
2309
2215
2226
2310
2216
2227
2311
2217
2228
2312
2218
2229
2313
2219
2230
2314
2231
2315
2221
2232
2316
2222
2233
2317
2223
2234
2318
2224
2235
2319
2225
2236
2320
2226
2237
2321
2227
2238
2322
2228
2239
2323
2229
2240
2324
2230
2241
2325
2231
2242
2326
2243
2327
2233
2244
2328
2234
2245
2329
2235
2246
2330
2236
2247
2331
2237
2248
2332
2238
2249
2333
2239
2250
2334
2240
2251
2335
2241
2252
2336
2242
2253
2337
2243
2254
2338
2255
2339
2245
2340
2544
2246
2341
2545
2247
2342
2546
2248
2343
2547
2249
2344
2548
2250
2345
2549
2251
2346
2550
2252
2347
2551
2253
2348
2552
2254
2349
2553
2255
2350
2554
2351
2555
2257
2268
2352
2258
2269
2353
2259
2270
2354
2260
2271
2355
2261
2272
2356
2262
2273
2357
2263
2274
2358
2264
2275
2359
2265
2276
2360
2266
2277
2361
2267
2278
2362
2279
2363
2269
2280
2364
2270
2281
2365
2271
2282
2366
2272
2283
2367
2273
2284
2368
2274
2285
2369
2275
2286
2370
2276
2287
2371
2277
2288
2372
2278
2289
2373
2279
2290
2374
2291
2375
2281
2292
2376
2282
2293
2377
2283
2294
2378
2284
2295
2379
2285
2296
2380
2286
2297
2381
2287
2298
2382
2288
2299
2383
2289
2300
2384
2290
2301
2385
2291
2302
2386
2303
2387
2293
2304
2388
2294
2305
2389
2295
2306
2390
2296
2307
2391
2297
2308
2392
2298
2309
2393
2299
2310
2394
2300
2311
2395
2301
2312
2396
2302
2313
2397
2303
2314
2398
2315
2399
2305
2316
2400
2306
2317
2401
2307
2318
2402
2308
2319
2403
2309
2320
2404
2310
2321
2405
2311
2322
2406
2312
2323
2407
2313
2324
2408
2314
2325
2409
2315
2326
2410
2327
2411
2317
2328
2412
2318
2329
2413
2319
2330
2414
2320
2331
2415
2321
2332
2416
2322
2333
2417
2323
2334
2418
2324
2335
2419
2325
2336
2420
2326
2337
2421
2327
2338
2422
2339
2423
2329
2340
2424
2330
2341
2425
2331
2342
2426
2332
2343
2427
2333
2344
2428
2334
2345
2429
2335
2346
2430
2336
2347
2431
2337
2348
2432
2338
2349
2433
2339
2350
2434
2351
2435
2341
2436
2640
2342
2437
2641
2343
2438
2642
2344
2439
2643
2345
2440
2644
2346
2441
2645
2347
2442
2646
2348
2443
2647
2349
2444
2648
2350
2445
2649
2351
2446
2650
2447
2651
2353
2364
2448
2354
2365
2449
2355
2366
2450
2356
2367
2451
2357
2368
2452
2358
2369
2453
2359
2370
2454
2360
2371
2455
2361
2372
2456
2362
2373
2457
2363
2374
2458
2375
2459
2365
2376
2460
2366
2377
2461
2367
2378
2462
2368
2379
2463
2369
2380
2464
2370
2381
2465
2371
2382
2466
2372
2383
2467
2373
2384
2468
2374
2385
2469
2375
2386
2470
2387
2471
2377
2388
2472
2378
2389
2473
2379
2390
2474
2380
2391
2475
2381
2392
2476
2382
2393
2477
2383
2394
2478
2384
2395
2479
2385
2396
2480
2386
2397
2481
2387
2398
2482
2399
2483
2389
2400
2484
2390
2401
2485
2391
2402
2486
2392
2403
2487
2393
2404
2488
2394
2405
2489
2395
2406
2490
2396
2407
2491
2397
2408
2492
2398
2409
2493
2399
2410
2494
2411
2495
2401
2412
2496
2402
2413
2497
2403
2414
2498
2404
2415
2499
2405
2416
2500
2406
2417
2501
2407
2418
2502
2408
2419
2503
2409
2420
2504
2410
2421
2505
2411
2422
2506
2423
2507
2413
2424
2508
2414
2425
2509
2415
2426
2510
2416
2427
2511
2417
2428
2512
2418
2429
2513
2419
2430
2514
2420
2431
2515
2421
2432
2516
2422
2433
2517
2423
2434
2518
2435
2519
2425
2436
2520
2426
2437
2521
2427
2438
2522
2428
2439
2523
2429
2440
2524
2430
2441
2525
2431
2442
2526
2432
2443
2527
2433
2444
2528
2434
2445
2529
2435
2446
2530
2447
2531
2437
2532
2736
2438
2533
2737
2439
2534
2738
2440
2535
2739
2441
2536
2740
2442
2537
2741
2443
2538
2742
2444
2539
2743
2445
2540
2744
2446
2541
2745
2447
2542
2746
2543
2747
2449
2460
2450
2461
2451
2462
2452
2463
2453
2464
2454
2465
2455
2466
2456
2467
2457
2468
2458
2469
2459
2470
2471
2461
2472
2462
2473
2463
2474
2464
2475
2465
2476
2466
2477
2467
2478
2468
2479
2469
2480
2470
2481
2471
2482
2483
2473
2484
2474
2485
2475
2486
2476
2487
2477
2488
2478
2489
2479
2490
2480
2491
2481
2492
2482
2493
2483
2494
2495
2485
2496
2486
2497
2487
2498
2488
2499
2489
2500
2490
2501
2491
2502
2492
2503
2493
2504
2494
2505
2495
2506
2507
2497
2508
2498
2509
2499
2510
2500
2511
2501
2512
2502
2513
2503
2514
2504
2515
2505
2516
2506
2517
2507
2518
2519
2509
2520
2510
2521
2511
2522
2512
2523
2513
2524
2514
2525
2515
2526
2516
2527
2517
2528
2518
2529
2519
2530
2531
2521
2532
2522
2533
2523
2534
2524
2535
2525
2536
2526
2537
2527
2538
2528
2539
2529
2540
2530
2541
2531
2542
2543
2533
2832
2534
2833
2535
2834
2536
2835
2537
2836
2538
2837
2539
2838
2540
2839
2541
2840
2542
2841
2543
2842
2843
2545
2556
2640
2546
2557
2641
2547
2558
2642
2548
2559
2643
2549
2560
2644
2550
2561
2645
2551
2562
2646
2552
2563
2647
2553
2564
2648
2554
2565
2649
2555
2566
2650
2567
2651
2557
2568
2652
2558
2569
2653
2559
2570
2654
2560
2571
2655
2561
2572
2656
2562
2573
2657
2563
2574
2658
2564
2575
2659
2565
2576
2660
2566
2577
2661
2567
2578
2662
2579
2663
2569
2580
2664
2570
2581
2665
2571
2582
2666
2572
2583
2667
2573
2584
2668
2574
2585
2669
2575
2586
2670
2576
2587
2671
2577
2588
2672
2578
2589
2673
2579
2590
2674
2591
2675
2581
2592
2676
2582
2593
2677
2583
2594
2678
2584
2595
2679
2585
2596
2680
2586
2597
2681
2587
2598
2682
2588
2599
2683
2589
2600
2684
2590
2601
2685
2591
2602
2686
2603
2687
2593
2604
2688
2594
2605
2689
2595
2606
2690
2596
2607
2691
2597
2608
2692
2598
2609
2693
2599
2610
2694
2600
2611
2695
2601
2612
2696
2602
2613
2697
2603
2614
2698
2615
2699
2605
2616
2700
2606
2617
2701
2607
2618
2702
2608
2619
2703
2609
2620
2704
2610
2621
2705
2611
2622
2706
2612
2623
2707
2613
2624
2708
2614
2625
2709
2615
2626
2710
2627
2711
2617
2628
2712
2618
2629
2713
2619
2630
2714
2620
2631
2715
2621
2632
2716
2622
2633
2717
2623
2634
2718
2624
2635
2719
2625
2636
2720
2626
2637
2721
2627
2638
2722
2639
2723
2629
2724
4272
2630
2725
4273
2631
2726
4274
2632
2727
4275
2633
2728
4276
2634
2729
4277
2635
2730
4278
2636
2731
4279
2637
2732
4280
2638
2733
4281
2639
2734
4282
2735
4283
2641
2652
2736
2642
2653
2737
2643
2654
2738
2644
2655
2739
2645
2656
2740
2646
2657
2741
2647
2658
2742
2648
2659
2743
2649
2660
2744
2650
2661
2745
2651
2662
2746
2663
2747
2653
2664
2748
2654
2665
2749
2655
2666
2750
2656
2667
2751
2657
2668
2752
2658
2669
2753
2659
2670
2754
2660
2671
2755
2661
2672
2756
2662
2673
2757
2663
2674
2758
2675
2759
2665
2676
2760
2666
2677
2761
2667
2678
2762
2668
2679
2763
2669
2680
2764
2670
2681
2765
2671
2682
2766
2672
2683
2767
2673
2684
2768
2674
2685
2769
2675
2686
2770
2687
2771
2677
2688
2772
2678
2689
2773
2679
2690
2774
2680
2691
2775
2681
2692
2776
2682
2693
2777
2683
2694
2778
2684
2695
2779
2685
2696
2780
2686
2697
2781
2687
2698
2782
2699
2783
2689
2700
2784
2690
2701
2785
2691
2702
2786
2692
2703
2787
2693
2704
2788
2694
2705
2789
2695
2706
2790
2696
2707
2791
2697
2708
2792
2698
2709
2793
2699
2710
2794
2711
2795
2701
2712
2796
2702
2713
2797
2703
2714
2798
2704
2715
2799
2705
2716
2800
2706
2717
2801
2707
2718
2802
2708
2719
2803
2709
2720
2804
2710
2721
2805
2711
2722
2806
2723
2807
2713
2724
2808
2714
2725
2809
2715
2726
2810
2716
2727
2811
2717
2728
2812
2718
2729
2813
2719
2730
2814
2720
2731
2815
2721
2732
2816
2722
2733
2817
2723
2734
2818
2735
2819
2725
2820
4416
2726
2821
4417
2727
2822
4418
2728
2823
4419
2729
2824
4420
2730
2825
4421
2731
2826
4422
2732
2827
4423
2733
2828
4424
2734
2829
4425
2735
2830
4426
2831
4427
2737
2748
2832
2738
2749
2833
2739
2750
2834
2740
2751
2835
2741
2752
2836
2742
2753
2837
2743
2754
2838
2744
2755
2839
2745
2756
2840
2746
2757
2841
2747
2758
2842
2759
2843
2749
2760
2844
2750
2761
2845
2751
2762
2846
2752
2763
2847
2753
2764
2848
2754
2765
2849
2755
2766
2850
2756
2767
2851
2757
2768
2852
2758
2769
2853
2759
2770
2854
2771
2855
2761
2772
2856
2762
2773
2857
2763
2774
2858
2764
2775
2859
2765
2776
2860
2766
2777
2861
2767
2778
2862
2768
2779
2863
2769
2780
2864
2770
2781
2865
2771
2782
2866
2783
2867
2773
2784
2868
2774
2785
2869
2775
2786
2870
2776
2787
2871
2777
2788
2872
2778
2789
2873
2779
2790
2874
2780
2791
2875
2781
2792
2876
2782
2793
2877
2783
2794
2878
2795
2879
2785
2796
2880
2786
2797
2881
2787
2798
2882
2788
2799
2883
2789
2800
2884
2790
2801
2885
2791
2802
2886
2792
2803
2887
2793
2804
2888
2794
2805
2889
2795
2806
2890
2807
2891
2797
2808
2892
2798
2809
2893
2799
2810
2894
2800
2811
2895
2801
2812
2896
2802
2813
2897
2803
2814
2898
2804
2815
2899
2805
2816
2900
2806
2817
2901
2807
2818
2902
2819
2903
2809
2820
2904
2810
2821
2905
2811
2822
2906
2812
2823
2907
2813
2824
2908
2814
2825
2909
2815
2826
2910
2816
2827
2911
2817
2828
2912
2818
2829
2913
2819
2830
2914
2831
2915
2821
2916
4560
2822
2917
4561
2823
2918
4562
2824
2919
4563
2825
2920
4564
2826
2921
4565
2827
2922
4566
2828
2923
4567
2829
2924
4568
2830
2925
4569
2831
2926
4570
2927
4571
2833
2844
2834
2845
2835
2846
2836
2847
2837
2848
2838
2849
2839
2850
2840
2851
2841
2852
2842
2853
2843
2854
2855
2845
2856
2846
2857
2847
2858
2848
2859
2849
2860
2850
2861
2851
2862
2852
2863
2853
2864
2854
2865
2855
2866
2867
2857
2868
2858
2869
2859
2870
2860
2871
2861
2872
2862
2873
2863
2874
2864
2875
2865
2876
2866
2877
2867
2878
2879
2869
2880
2870
2881
2871
2882
2872
2883
2873
2884
2874
2885
2875
2886
2876
2887
2877
2888
2878
2889
2879
2890
2891
2881
2892
2882
2893
2883
2894
2884
2895
2885
2896
2886
2897
2887
2898
2888
2899
2889
2900
2890
2901
2891
2902
2903
2893
2904
2894
2905
2895
2906
2896
2907
2897
2908
2898
2909
2899
2910
2900
2911
2901
2912
2902
2913
2903
2914
2915
2905
2916
2906
2917
2907
2918
2908
2919
2909
2920
2910
2921
2911
2922
2912
2923
2913
2924
2914
2925
2915
2926
2927
2917
4704
2918
4705
2919
4706
2920
4707
2921
4708
2922
4709
2923
4710
2924
4711
2925
4712
2926
4713
2927
4714
4715
2929
2940
3024
2930
2941
3025
2931
2942
3026
2932
2943
3027
2933
2944
3028
2934
2945
3029
2935
2946
3030
2936
2947
3031
2937
2948
3032
2938
2949
3033
2939
2950
3034
2951
3035
2941
2952
3036
2942
2953
3037
2943
2954
3038
2944
2955
3039
2945
2956
3040
2946
2957
3041
2947
2958
3042
2948
2959
3043
2949
2960
3044
2950
2961
3045
2951
2962
3046
2963
3047
2953
2964
3048
2954
2965
3049
2955
2966
3050
2956
2967
3051
2957
2968
3052
2958
2969
3053
2959
2970
3054
2960
2971
3055
2961
2972
3056
2962
2973
3057
2963
2974
3058
2975
3059
2965
2976
3060
2966
2977
3061
2967
2978
3062
2968
2979
3063
2969
2980
3064
2970
2981
3065
2971
2982
3066
2972
2983
3067
2973
2984
3068
2974
2985
3069
2975
2986
3070
2987
3071
2977
2988
3072
2978
2989
3073
2979
2990
3074
2980
2991
3075
2981
2992
3076
2982
2993
3077
2983
2994
3078
2984
2995
3079
2985
2996
3080
2986
2997
3081
2987
2998
3082
2999
3083
2989
3000
3084
2990
3001
3085
2991
3002
3086
2992
3003
3087
2993
3004
3088
2994
3005
3089
2995
3006
3090
2996
3007
3091
2997
3008
3092
2998
3009
3093
2999
3010
3094
3011
3095
3001
3012
3096
3002
3013
3097
3003
3014
3098
3004
3015
3099
3005
3016
3100
3006
3017
3101
3007
3018
3102
3008
3019
3103
3009
3020
3104
3010
3021
3105
3011
3022
3106
3023
3107
3013
3108
3312
3014
3109
3313
3015
3110
3314
3016
3111
3315
3017
3112
3316
3018
3113
3317
3019
3114
3318
3020
3115
3319
3021
3116
3320
3022
3117
3321
3023
3118
3322
3119
3323
3025
3036
3120
3026
3037
3121
3027
3038
3122
3028
3039
3123
3029
3040
3124
3030
3041
3125
3031
3042
3126
3032
3043
3127
3033
3044
3128
3034
3045
3129
3035
3046
3130
3047
3131
3037
3048
3132
3038
3049
3133
3039
3050
3134
3040
3051
3135
3041
3052
3136
3042
3053
3137
3043
3054
3138
3044
3055
3139
3045
3056
3140
3046
3057
3141
3047
3058
3142
3059
3143
3049
3060
3144
3050
3061
3145
3051
3062
3146
3052
3063
3147
3053
3064
3148
3054
3065
3149
3055
3066
3150
3056
3067
3151
3057
3068
3152
3058
3069
3153
3059
3070
3154
3071
3155
3061
3072
3156
3062
3073
3157
3063
3074
3158
3064
3075
3159
3065
3076
3160
3066
3077
3161
3067
3078
3162
3068
3079
3163
3069
3080
3164
3070
3081
3165
3071
3082
3166
3083
3167
3073
3084
3168
3074
3085
3169
3075
3086
3170
3076
3087
3171
3077
3088
3172
3078
3089
3173
3079
3090
3174
3080
3091
3175
3081
3092
3176
3082
3093
3177
3083
3094
3178
3095
3179
3085
3096
3180
3086
3097
3181
3087
3098
3182
3088
3099
3183
3089
3100
3184
3090
3101
3185
3091
3102
3186
3092
3103
3187
3093
3104
3188
3094
3105
3189
3095
3106
3190
3107
3191
3097
3108
3192
3098
3109
3193
3099
3110
3194
3100
3111
3195
3101
3112
3196
3102
3113
3197
3103
3114
3198
3104
3115
3199
3105
3116
3200
3106
3117
3201
3107
3118
3202
3119
3203
3109
3204
3456
3110
3205
3457
3111
3206
3458
3112
3207
3459
3113
3208
3460
3114
3209
3461
3115
3210
3462
3116
3211
3463
3117
3212
3464
3118
3213
3465
3119
3214
3466
3215
3467
3121
3132
3216
3122
3133
3217
3123
3134
3218
3124
3135
3219
3125
3136
3220
3126
3137
3221
3127
3138
3222
3128
3139
3223
3129
3140
3224
3130
3141
3225
3131
3142
3226
3143
3227
3133
3144
3228
3134
3145
3229
3135
3146
3230
3136
3147
3231
3137
3148
3232
3138
3149
3233
3139
3150
3234
3140
3151
3235
3141
3152
3236
3142
3153
3237
3143
3154
3238
3155
3239
3145
3156
3240
3146
3157
3241
3147
3158
3242
3148
3159
3243
3149
3160
3244
3150
3161
3245
3151
3162
3246
3152
3163
3247
3153
3164
3248
3154
3165
3249
3155
3166
3250
3167
3251
3157
3168
3252
3158
3169
3253
3159
3170
3254
3160
3171
3255
3161
3172
3256
3162
3173
3257
3163
3174
3258
3164
3175
3259
3165
3176
3260
3166
3177
3261
3167
3178
3262
3179
3263
3169
3180
3264
3170
3181
3265
3171
3182
3266
3172
3183
3267
3173
3184
3268
3174
3185
3269
3175
3186
3270
3176
3187
3271
3177
3188
3272
3178
3189
3273
3179
3190
3274
3191
3275
3181
3192
3276
3182
3193
3277
3183
3194
3278
3184
3195
3279
3185
3196
3280
3186
3197
3281
3187
3198
3282
3188
3199
3283
3189
3200
3284
3190
3201
3285
3191
3202
3286
3203
3287
3193
3204
3288
3194
3205
3289
3195
3206
3290
3196
3207
3291
3197
3208
3292
3198
3209
3293
3199
3210
3294
3200
3211
3295
3201
3212
3296
3202
3213
3297
3203
3214
3298
3215
3299
3205
3300
3600
3206
3301
3601
3207
3302
3602
3208
3303
3603
3209
3304
3604
3210
3305
3605
3211
3306
3606
3212
3307
3607
3213
3308
3608
3214
3309
3609
3215
3310
3610
3311
3611
3217
3228
3218
3229
3219
3230
3220
3231
3221
3232
3222
3233
3223
3234
3224
3235
3225
3236
3226
3237
3227
3238
3239
3229
3240
3230
3241
3231
3242
3232
3243
3233
3244
3234
3245
3235
3246
3236
3247
3237
3248
3238
3249
3239
3250
3251
3241
3252
3242
3253
3243
3254
3244
3255
3245
3256
3246
3257
3247
3258
3248
3259
3249
3260
3250
3261
3251
3262
3263
3253
3264
3254
3265
3255
3266
3256
3267
3257
3268
3258
3269
3259
3270
3260
3271
3261
3272
3262
3273
3263
3274
3275
3265
3276
3266
3277
3267
3278
3268
3279
3269
3280
3270
3281
3271
3282
3272
3283
3273
3284
3274
3285
3275
3286
3287
3277
3288
3278
3289
3279
3290
3280
3291
3281
3292
3282
3293
3283
3294
3284
3295
3285
3296
3286
3297
3287
3298
3299
3289
3300
3290
3301
3291
3302
3292
3303
3293
3304
3294
3305
3295
3306
3296
3307
3297
3308
3298
3309
3299
3310
3311
3301
3744
3302
3745
3303
3746
3304
3747
3305
3748
3306
3749
3307
3750
3308
3751
3309
3752
3310
3753
3311
3754
3755
3313
3324
3456
3314
3325
3457
3315
3326
3458
3316
3327
3459
3317
3328
3460
3318
3329
3461
3319
3330
3462
3320
3331
3463
3321
3332
3464
3322
3333
3465
3323
3334
3466
3335
3467
3888
3325
3336
3468
3326
3337
3469
3327
3338
3470
3328
3339
3471
3329
3340
3472
3330
3341
3473
3331
3342
3474
3332
3343
3475
3333
3344
3476
3334
3345
3477
3335
3346
3478
3347
3479
3896
3337
3348
3480
3338
3349
3481
3339
3350
3482
3340
3351
3483
3341
3352
3484
3342
3353
3485
3343
3354
3486
3344
3355
3487
3345
3356
3488
3346
3357
3489
3347
3358
3490
3359
3491
3904
3349
3360
3492
3350
3361
3493
3351
3362
3494
3352
3363
3495
3353
3364
3496
3354
3365
3497
3355
3366
3498
3356
3367
3499
3357
3368
3500
3358
3369
3501
3359
3370
3502
3371
3503
3912
3361
3372
3504
3362
3373
3505
3363
3374
3506
3364
3375
3507
3365
3376
3508
3366
3377
3509
3367
3378
3510
3368
3379
3511
3369
3380
3512
3370
3381
3513
3371
3382
3514
3383
3515
3920
3373
3384
3516
3374
3385
3517
3375
3386
3518
3376
3387
3519
3377
3388
3520
3378
3389
3521
3379
3390
3522
3380
3391
3523
3381
3392
3524
3382
3393
3525
3383
3394
3526
3395
3527
3928
3385
3396
3528
3386
3397
3529
3387
3398
3530
3388
3399
3531
3389
3400
3532
3390
3401
3533
3391
3402
3534
3392
3403
3535
3393
3404
3536
3394
3405
3537
3395
3406
3538
3407
3539
3936
3397
3408
3540
3398
3409
3541
3399
3410
3542
3400
3411
3543
3401
3412
3544
3402
3413
3545
3403
3414
3546
3404
3415
3547
3405
3416
3548
3406
3417
3549
3407
3418
3550
3419
3551
3944
3409
3420
3552
3410
3421
3553
3411
3422
3554
3412
3423
3555
3413
3424
3556
3414
3425
3557
3415
3426
3558
3416
3427
3559
3417
3428
3560
3418
3429
3561
3419
3430
3562
3431
3563
3952
3421
3432
3564
3422
3433
3565
3423
3434
3566
3424
3435
3567
3425
3436
3568
3426
3437
3569
3427
3438
3570
3428
3439
3571
3429
3440
3572
3430
3441
3573
3431
3442
3574
3443
3575
3960
3433
3444
3576
3434
3445
3577
3435
3446
3578
3436
3447
3579
3437
3448
3580
3438
3449
3581
3439
3450
3582
3440
3451
3583
3441
3452
3584
3442
3453
3585
3443
3454
3586
3455
3587
3968
3445
3588
3446
3589
3447
3590
3448
3591
3449
3592
3450
3593
3451
3594
3452
3595
3453
3596
3454
3597
3455
3598
3599
3976
3457
3468
3600
3458
3469
3601
3459
3470
3602
3460
3471
3603
3461
3472
3604
3462
3473
3605
3463
3474
3606
3464
3475
3607
3465
3476
3608
3466
3477
3609
3467
3478
3610
3479
3611
3984
3469
3480
3612
3470
3481
3613
3471
3482
3614
3472
3483
3615
3473
3484
3616
3474
3485
3617
3475
3486
3618
3476
3487
3619
3477
3488
3620
3478
3489
3621
3479
3490
3622
3491
3623
3992
3481
3492
3624
3482
3493
3625
3483
3494
3626
3484
3495
3627
3485
3496
3628
3486
3497
3629
3487
3498
3630
3488
3499
3631
3489
3500
3632
3490
3501
3633
3491
3502
3634
3503
3635
4000
3493
3504
3636
3494
3505
3637
3495
3506
3638
3496
3507
3639
3497
3508
3640
3498
3509
3641
3499
3510
3642
3500
3511
3643
3501
3512
3644
3502
3513
3645
3503
3514
3646
3515
3647
4008
3505
3516
3648
3506
3517
3649
3507
3518
3650
3508
3519
3651
3509
3520
3652
3510
3521
3653
3511
3522
3654
3512
3523
3655
3513
3524
3656
3514
3525
3657
3515
3526
3658
3527
3659
4016
3517
3528
3660
3518
3529
3661
3519
3530
3662
3520
3531
3663
3521
3532
3664
3522
3533
3665
3523
3534
3666
3524
3535
3667
3525
3536
3668
3526
3537
3669
3527
3538
3670
3539
3671
4024
3529
3540
3672
3530
3541
3673
3531
3542
3674
3532
3543
3675
3533
3544
3676
3534
3545
3677
3535
3546
3678
3536
3547
3679
3537
3548
3680
3538
3549
3681
3539
3550
3682
3551
3683
4032
3541
3552
3684
3542
3553
3685
3543
3554
3686
3544
3555
3687
3545
3556
3688
3546
3557
3689
3547
3558
3690
3548
3559
3691
3549
3560
3692
3550
3561
3693
3551
3562
3694
3563
3695
4040
3553
3564
3696
3554
3565
3697
3555
3566
3698
3556
3567
3699
3557
3568
3700
3558
3569
3701
3559
3570
3702
3560
3571
3703
3561
3572
3704
3562
3573
3705
3563
3574
3706
3575
3707
4048
3565
3576
3708
3566
3577
3709
3567
3578
3710
3568
3579
3711
3569
3580
3712
3570
3581
3713
3571
3582
3714
3572
3583
3715
3573
3584
3716
3574
3585
3717
3575
3586
3718
3587
3719
4056
3577
3588
3720
3578
3589
3721
3579
3590
3722
3580
3591
3723
3581
3592
3724
3582
3593
3725
3583
3594
3726
3584
3595
3727
3585
3596
3728
3586
3597
3729
3587
3598
3730
3599
3731
4064
3589
3732
3590
3733
3591
3734
3592
3735
3593
3736
3594
3737
3595
3738
3596
3739
3597
3740
3598
3741
3599
3742
3743
4072
3601
3612
3744
3602
3613
3745
3603
3614
3746
3604
3615
3747
3605
3616
3748
3606
3617
3749
3607
3618
3750
3608
3619
3751
3609
3620
3752
3610
3621
3753
3611
3622
3754
3623
3755
4080
3613
3624
3756
3614
3625
3757
3615
3626
3758
3616
3627
3759
3617
3628
3760
3618
3629
3761
3619
3630
3762
3620
3631
3763
3621
3632
3764
3622
3633
3765
3623
3634
3766
3635
3767
4088
3625
3636
3768
3626
3637
3769
3627
3638
3770
3628
3639
3771
3629
3640
3772
3630
3641
3773
3631
3642
3774
3632
3643
3775
3633
3644
3776
3634
3645
3777
3635
3646
3778
3647
3779
4096
3637
3648
3780
3638
3649
3781
3639
3650
3782
3640
3651
3783
3641
3652
3784
3642
3653
3785
3643
3654
3786
3644
3655
3787
3645
3656
3788
3646
3657
3789
3647
3658
3790
3659
3791
4104
3649
3660
3792
3650
3661
3793
3651
3662
3794
3652
3663
3795
3653
3664
3796
3654
3665
3797
3655
3666
3798
3656
3667
3799
3657
3668
3800
3658
3669
3801
3659
3670
3802
3671
3803
4112
3661
3672
3804
3662
3673
3805
3663
3674
3806
3664
3675
3807
3665
3676
3808
3666
3677
3809
3667
3678
3810
3668
3679
3811
3669
3680
3812
3670
3681
3813
3671
3682
3814
3683
3815
4120
3673
3684
3816
3674
3685
3817
3675
3686
3818
3676
3687
3819
3677
3688
3820
3678
3689
3821
3679
3690
3822
3680
3691
3823
3681
3692
3824
3682
3693
3825
3683
3694
3826
3695
3827
4128
3685
3696
3828
3686
3697
3829
3687
3698
3830
3688
3699
3831
3689
3700
3832
3690
3701
3833
3691
3702
3834
3692
3703
3835
3693
3704
3836
3694
3705
3837
3695
3706
3838
3707
3839
4136
3697
3708
3840
3698
3709
3841
3699
3710
3842
3700
3711
3843
3701
3712
3844
3702
3713
3845
3703
3714
3846
3704
3715
3847
3705
3716
3848
3706
3717
3849
3707
3718
3850
3719
3851
4144
3709
3720
3852
3710
3721
3853
3711
3722
3854
3712
3723
3855
3713
3724
3856
3714
3725
3857
3715
3726
3858
3716
3727
3859
3717
3728
3860
3718
3729
3861
3719
3730
3862
3731
3863
4152
3721
3732
3864
3722
3733
3865
3723
3734
3866
3724
3735
3867
3725
3736
3868
3726
3737
3869
3727
3738
3870
3728
3739
3871
3729
3740
3872
3730
3741
3873
3731
3742
3874
3743
3875
4160
3733
3876
3734
3877
3735
3878
3736
3879
3737
3880
3738
3881
3739
3882
3740
3883
3741
3884
3742
3885
3743
3886
3887
4168
3745
3756
3746
3757
3747
3758
3748
3759
3749
3760
3750
3761
3751
3762
3752
3763
3753
3764
3754
3765
3755
3766
3767
4176
3757
3768
3758
3769
3759
3770
3760
3771
3761
3772
3762
3773
3763
3774
3764
3775
3765
3776
3766
3777
3767
3778
3779
4184
3769
3780
3770
3781
3771
3782
3772
3783
3773
3784
3774
3785
3775
3786
3776
3787
3777
3788
3778
3789
3779
3790
3791
4192
3781
3792
3782
3793
3783
3794
3784
3795
3785
3796
3786
3797
3787
3798
3788
3799
3789
3800
3790
3801
3791
3802
3803
4200
3793
3804
3794
3805
3795
3806
3796
3807
3797
3808
3798
3809
3799
3810
3800
3811
3801
3812
3802
3813
3803
3814
3815
4208
3805
3816
3806
3817
3807
3818
3808
3819
3809
3820
3810
3821
3811
3822
3812
3823
3813
3824
3814
3825
3815
3826
3827
4216
3817
3828
3818
3829
3819
3830
3820
3831
3821
3832
3822
3833
3823
3834
3824
3835
3825
3836
3826
3837
3827
3838
3839
4224
3829
3840
3830
3841
3831
3842
3832
3843
3833
3844
3834
3845
3835
3846
3836
3847
3837
3848
3838
3849
3839
3850
3851
4232
3841
3852
3842
3853
3843
3854
3844
3855
3845
3856
3846
3857
3847
3858
3848
3859
3849
3860
3850
3861
3851
3862
3863
4240
3853
3864
3854
3865
3855
3866
3856
3867
3857
3868
3858
3869
3859
3870
3860
3871
3861
3872
3862
3873
3863
3874
3875
4248
3865
3876
3866
3877
3867
3878
3868
3879
3869
3880
3870
3881
3871
3882
3872
3883
3873
3884
3874
3885
3875
3886
3887
4256
3877
3878
3879
3880
3881
3882
3883
3884
3885
3886
3887
4264
3889
3896
3984
3890
3897
3985
3891
3898
3986
3892
3899
3987
3893
3900
3988
3894
3901
3989
3895
3902
3990
3903
3991
4272
3897
3904
3992
3898
3905
3993
3899
3906
3994
3900
3907
3995
3901
3908
3996
3902
3909
3997
3903
3910
3998
3911
3999
4284
3905
3912
4000
3906
3913
4001
3907
3914
4002
3908
3915
4003
3909
3916
4004
3910
3917
4005
3911
3918
4006
3919
4007
4296
3913
3920
4008
3914
3921
4009
3915
3922
4010
3916
3923
4011
3917
3924
4012
3918
3925
4013
3919
3926
4014
3927
4015
4308
3921
3928
4016
3922
3929
4017
3923
3930
4018
3924
3931
4019
3925
3932
4020
3926
3933
4021
3927
3934
4022
3935
4023
4320
3929
3936
4024
3930
3937
4025
3931
3938
4026
3932
3939
4027
3933
3940
4028
3934
3941
4029
3935
3942
4030
3943
4031
4332
3937
3944
4032
3938
3945
4033
3939
3946
4034
3940
3947
4035
3941
3948
4036
3942
3949
4037
3943
3950
4038
3951
4039
4344
3945
3952
4040
3946
3953
4041
3947
3954
4042
3948
3955
4043
3949
3956
4044
3950
3957
4045
3951
3958
4046
3959
4047
4356
3953
3960
4048
3954
3961
4049
3955
3962
4050
3956
3963
4051
3957
3964
4052
3958
3965
4053
3959
3966
4054
3967
4055
4368
3961
3968
4056
3962
3969
4057
3963
3970
4058
3964
3971
4059
3965
3972
4060
3966
3973
4061
3967
3974
4062
3975
4063
4380
3969
3976
4064
3970
3977
4065
3971
3978
4066
3972
3979
4067
3973
3980
4068
3974
3981
4069
3975
3982
4070
3983
4071
4392
3977
4072
3978
4073
3979
4074
3980
4075
3981
4076
3982
4077
3983
4078
4079
4404
3985
3992
4080
3986
3993
4081
3987
3994
4082
3988
3995
4083
3989
3996
4084
3990
3997
4085
3991
3998
4086
3999
4087
4416
3993
4000
4088
3994
4001
4089
3995
4002
4090
3996
4003
4091
3997
4004
4092
3998
4005
4093
3999
4006
4094
4007
4095
4428
4001
4008
4096
4002
4009
4097
4003
4010
4098
4004
4011
4099
4005
4012
4100
4006
4013
4101
4007
4014
4102
4015
4103
4440
4009
4016
4104
4010
4017
4105
4011
4018
4106
4012
4019
4107
4013
4020
4108
4014
4021
4109
4015
4022
4110
4023
4111
4452
4017
4024
4112
4018
4025
4113
4019
4026
4114
4020
4027
4115
4021
4028
4116
4022
4029
4117
4023
4030
4118
4031
4119
4464
4025
4032
4120
4026
4033
4121
4027
4034
4122
4028
4035
4123
4029
4036
4124
4030
4037
4125
4031
4038
4126
4039
4127
4476
4033
4040
4128
4034
4041
4129
4035
4042
4130
4036
4043
4131
4037
4044
4132
4038
4045
4133
4039
4046
4134
4047
4135
4488
4041
4048
4136
4042
4049
4137
4043
4050
4138
4044
4051
4139
4045
4052
4140
4046
4053
4141
4047
4054
4142
4055
4143
4500
4049
4056
4144
4050
4057
4145
4051
4058
4146
4052
4059
4147
4053
4060
4148
4054
4061
4149
4055
4062
4150
4063
4151
4512
4057
4064
4152
4058
4065
4153
4059
4066
4154
4060
4067
4155
4061
4068
4156
4062
4069
4157
4063
4070
4158
4071
4159
4524
4065
4072
4160
4066
4073
4161
4067
4074
4162
4068
4075
4163
4069
4076
4164
4070
4077
4165
4071
4078
4166
4079
4167
4536
4073
4168
4074
4169
4075
4170
4076
4171
4077
4172
4078
4173
4079
4174
4175
4548
4081
4088
4176
4082
4089
4177
4083
4090
4178
4084
4091
4179
4085
4092
4180
4086
4093
4181
4087
4094
4182
4095
4183
4560
4089
4096
4184
4090
4097
4185
4091
4098
4186
4092
4099
4187
4093
4100
4188
4094
4101
4189
4095
4102
4190
4103
4191
4572
4097
4104
4192
4098
4105
4193
4099
4106
4194
4100
4107
4195
4101
4108
4196
4102
4109
4197
4103
4110
4198
4111
4199
4584
4105
4112
4200
4106
4113
4201
4107
4114
4202
4108
4115
4203
4109
4116
4204
4110
4117
4205
4111
4118
4206
4119
4207
4596
4113
4120
4208
4114
4121
4209
4115
4122
4210
4116
4123
4211
4117
4124
4212
4118
4125
4213
4119
4126
4214
4127
4215
4608
4121
4128
4216
4122
4129
4217
4123
4130
4218
4124
4131
4219
4125
4132
4220
4126
4133
4221
4127
4134
4222
4135
4223
4620
4129
4136
4224
4130
4137
4225
4131
4138
4226
4132
4139
4227
4133
4140
4228
4134
4141
4229
4135
4142
4230
4143
4231
4632
4137
4144
4232
4138
4145
4233
4139
4146
4234
4140
4147
4235
4141
4148
4236
4142
4149
4237
4143
4150
4238
4151
4239
4644
4145
4152
4240
4146
4153
4241
4147
4154
4242
4148
4155
4243
4149
4156
4244
4150
4157
4245
4151
4158
4246
4159
4247
4656
4153
4160
4248
4154
4161
4249
4155
4162
4250
4156
4163
4251
4157
4164
4252
4158
4165
4253
4159
4166
4254
4167
4255
4668
4161
4168
4256
4162
4169
4257
4163
4170
4258
4164
4171
4259
4165
4172
4260
4166
4173
4261
4167
4174
4262
4175
4263
4680
4169
4264
4170
4265
4171
4266
4172
4267
4173
4268
4174
4269
4175
4270
4271
4692
4177
4184
4178
4185
4179
4186
4180
4187
4181
4188
4182
4189
4183
4190
4191
4704
4185
4192
4186
4193
4187
4194
4188
4195
4189
4196
4190
4197
4191
4198
4199
4716
4193
4200
4194
4201
4195
4202
4196
4203
4197
4204
4198
4205
4199
4206
4207
4728
4201
4208
4202
4209
4203
4210
4204
4211
4205
4212
4206
4213
4207
4214
4215
4740
4209
4216
4210
4217
4211
4218
4212
4219
4213
4220
4214
4221
4215
4222
4223
4752
4217
4224
4218
4225
4219
4226
4220
4227
4221
4228
4222
4229
4223
4230
4231
4764
4225
4232
4226
4233
4227
4234
4228
4235
4229
4236
4230
4237
4231
4238
4239
4776
4233
4240
4234
4241
4235
4242
4236
4243
4237
4244
4238
4245
4239
4246
4247
4788
4241
4248
4242
4249
4243
4250
4244
4251
4245
4252
4246
4253
4247
4254
4255
4800
4249
4256
4250
4257
4251
4258
4252
4259
4253
4260
4254
4261
4255
4262
4263
4812
4257
4264
4258
4265
4259
4266
4260
4267
4261
4268
4262
4269
4263
4270
4271
4824
4265
4266
4267
4268
4269
4270
4271
4836
4273
4284
4416
4274
4285
4417
4275
4286
4418
4276
4287
4419
4277
4288
4420
4278
4289
4421
4279
4290
4422
4280
4291
4423
4281
4292
4424
4282
4293
4425
4283
4294
4426
4295
4427
4285
4296
4428
4286
4297
4429
4287
4298
4430
4288
4299
4431
4289
4300
4432
4290
4301
4433
4291
4302
4434
4292
4303
4435
4293
4304
4436
4294
4305
4437
4295
4306
4438
4307
4439
4297
4308
4440
4298
4309
4441
4299
4310
4442
4300
4311
4443
4301
4312
4444
4302
4313
4445
4303
4314
4446
4304
4315
4447
4305
4316
4448
4306
4317
4449
4307
4318
4450
4319
4451
4309
4320
4452
4310
4321
4453
4311
4322
4454
4312
4323
4455
4313
4324
4456
4314
4325
4457
4315
4326
4458
4316
4327
4459
4317
4328
4460
4318
4329
4461
4319
4330
4462
4331
4463
4321
4332
4464
4322
4333
4465
4323
4334
4466
4324
4335
4467
4325
4336
4468
4326
4337
4469
4327
4338
4470
4328
4339
4471
4329
4340
4472
4330
4341
4473
4331
4342
4474
4343
4475
4333
4344
4476
4334
4345
4477
4335
4346
4478
4336
4347
4479
4337
4348
4480
4338
4349
4481
4339
4350
4482
4340
4351
4483
4341
4352
4484
4342
4353
4485
4343
4354
4486
4355
4487
4345
4356
4488
4346
4357
4489
4347
4358
4490
4348
4359
4491
4349
4360
4492
4350
4361
4493
4351
4362
4494
4352
4363
4495
4353
4364
4496
4354
4365
4497
4355
4366
4498
4367
4499
4357
4368
4500
4358
4369
4501
4359
4370
4502
4360
4371
4503
4361
4372
4504
4362
4373
4505
4363
4374
4506
4364
4375
4507
4365
4376
4508
4366
4377
4509
4367
4378
4510
4379
4511
4369
4380
4512
4370
4381
4513
4371
4382
4514
4372
4383
4515
4373
4384
4516
4374
4385
4517
4375
4386
4518
4376
4387
4519
4377
4388
4520
4378
4389
4521
4379
4390
4522
4391
4523
4381
4392
4524
4382
4393
4525
4383
4394
4526
4384
4395
4527
4385
4396
4528
4386
4397
4529
4387
4398
4530
4388
4399
4531
4389
4400
4532
4390
4401
4533
4391
4402
4534
4403
4535
4393
4404
4536
4394
4405
4537
4395
4406
4538
4396
4407
4539
4397
4408
4540
4398
4409
4541
4399
4410
4542
4400
4411
4543
4401
4412
4544
4402
4413
4545
4403
4414
4546
4415
4547
4405
4548
4406
4549
4407
4550
4408
4551
4409
4552
4410
4553
4411
4554
4412
4555
4413
4556
4414
4557
4415
4558
4559
4417
4428
4560
4418
4429
4561
4419
4430
4562
4420
4431
4563
4421
4432
4564
4422
4433
4565
4423
4434
4566
4424
4435
4567
4425
4436
4568
4426
4437
4569
4427
4438
4570
4439
4571
4429
4440
4572
4430
4441
4573
4431
4442
4574
4432
4443
4575
4433
4444
4576
4434
4445
4577
4435
4446
4578
4436
4447
4579
4437
4448
4580
4438
4449
4581
4439
4450
4582
4451
4583
4441
4452
4584
4442
4453
4585
4443
4454
4586
4444
4455
4587
4445
4456
4588
4446
4457
4589
4447
4458
4590
4448
4459
4591
4449
4460
4592
4450
4461
4593
4451
4462
4594
4463
4595
4453
4464
4596
4454
4465
4597
4455
4466
4598
4456
4467
4599
4457
4468
4600
4458
4469
4601
4459
4470
4602
4460
4471
4603
4461
4472
4604
4462
4473
4605
4463
4474
4606
4475
4607
4465
4476
4608
4466
4477
4609
4467
4478
4610
4468
4479
4611
4469
4480
4612
4470
4481
4613
4471
4482
4614
4472
4483
4615
4473
4484
4616
4474
4485
4617
4475
4486
4618
4487
4619
4477
4488
4620
4478
4489
4621
4479
4490
4622
4480
4491
4623
4481
4492
4624
4482
4493
4625
4483
4494
4626
4484
4495
4627
4485
4496
4628
4486
4497
4629
4487
4498
4630
4499
4631
4489
4500
4632
4490
4501
4633
4491
4502
4634
4492
4503
4635
4493
4504
4636
4494
4505
4637
4495
4506
4638
4496
4507
4639
4497
4508
4640
4498
4509
4641
4499
4510
4642
4511
4643
4501
4512
4644
4502
4513
4645
4503
4514
4646
4504
4515
4647
4505
4516
4648
4506
4517
4649
4507
4518
4650
4508
4519
4651
4509
4520
4652
4510
4521
4653
4511
4522
4654
4523
4655
4513
4524
4656
4514
4525
4657
4515
4526
4658
4516
4527
4659
4517
4528
4660
4518
4529
4661
4519
4530
4662
4520
4531
4663
4521
4532
4664
4522
4533
4665
4523
4534
4666
4535
4667
4525
4536
4668
4526
4537
4669
4527
4538
4670
4528
4539
4671
4529
4540
4672
4530
4541
4673
4531
4542
4674
4532
4543
4675
4533
4544
4676
4534
4545
4677
4535
4546
4678
4547
4679
4537
4548
4680
4538
4549
4681
4539
4550
4682
4540
4551
4683
4541
4552
4684
4542
4553
4685
4543
4554
4686
4544
4555
4687
4545
4556
4688
4546
4557
4689
4547
4558
4690
4559
4691
4549
4692
4550
4693
4551
4694
4552
4695
4553
4696
4554
4697
4555
4698
4556
4699
4557
4700
4558
4701
4559
4702
4703
4561
4572
4704
4562
4573
4705
4563
4574
4706
4564
4575
4707
4565
4576
4708
4566
4577
4709
4567
4578
4710
4568
4579
4711
4569
4580
4712
4570
4581
4713
4571
4582
4714
4583
4715
4573
4584
4716
4574
4585
4717
4575
4586
4718
4576
4587
4719
4577
4588
4720
4578
4589
4721
4579
4590
4722
4580
4591
4723
4581
4592
4724
4582
4593
4725
4583
4594
4726
4595
4727
4585
4596
4728
4586
4597
4729
4587
4598
4730
4588
4599
4731
4589
4600
4732
4590
4601
4733
4591
4602
4734
4592
4603
4735
4593
4604
4736
4594
4605
4737
4595
4606
4738
4607
4739
4597
4608
4740
4598
4609
4741
4599
4610
4742
4600
4611
4743
4601
4612
4744
4602
4613
4745
4603
4614
4746
4604
4615
4747
4605
4616
4748
4606
4617
4749
4607
4618
4750
4619
4751
4609
4620
4752
4610
4621
4753
4611
4622
4754
4612
4623
4755
4613
4624
4756
4614
4625
4757
4615
4626
4758
4616
4627
4759
4617
4628
4760
4618
4629
4761
4619
4630
4762
4631
4763
4621
4632
4764
4622
4633
4765
4623
4634
4766
4624
4635
4767
4625
4636
4768
4626
4637
4769
4627
4638
4770
4628
4639
4771
4629
4640
4772
4630
4641
4773
4631
4642
4774
4643
4775
4633
4644
4776
4634
4645
4777
4635
4646
4778
4636
4647
4779
4637
4648
4780
4638
4649
4781
4639
4650
4782
4640
4651
4783
4641
4652
4784
4642
4653
4785
4643
4654
4786
4655
4787
4645
4656
4788
4646
4657
4789
4647
4658
4790
4648
4659
4791
4649
4660
4792
4650
4661
4793
4651
4662
4794
4652
4663
4795
4653
4664
4796
4654
4665
4797
4655
4666
4798
4667
4799
4657
4668
4800
4658
4669
4801
4659
4670
4802
4660
4671
4803
4661
4672
4804
4662
4673
4805
4663
4674
4806
4664
4675
4807
4665
4676
4808
4666
4677
4809
4667
4678
4810
4679
4811
4669
4680
4812
4670
4681
4813
4671
4682
4814
4672
4683
4815
4673
4684
4816
4674
4685
4817
4675
4686
4818
4676
4687
4819
4677
4688
4820
4678
4689
4821
4679
4690
4822
4691
4823
4681
4692
4824
4682
4693
4825
4683
4694
4826
4684
4695
4827
4685
4696
4828
4686
4697
4829
4687
4698
4830
4688
4699
4831
4689
4700
4832
4690
4701
4833
4691
4702
4834
4703
4835
4693
4836
4694
4837
4695
4838
4696
4839
4697
4840
4698
4841
4699
4842
4700
4843
4701
4844
4702
4845
4703
4846
4847
4705
4716
4706
4717
4707
4718
4708
4719
4709
4720
4710
4721
4711
4722
4712
4723
4713
4724
4714
4725
4715
4726
4727
4717
4728
4718
4729
4719
4730
4720
4731
4721
4732
4722
4733
4723
4734
4724
4735
4725
4736
4726
4737
4727
4738
4739
4729
4740
4730
4741
4731
4742
4732
4743
4733
4744
4734
4745
4735
4746
4736
4747
4737
4748
4738
4749
4739
4750
4751
4741
4752
4742
4753
4743
4754
4744
4755
4745
4756
4746
4757
4747
4758
4748
4759
4749
4760
4750
4761
4751
4762
4763
4753
4764
4754
4765
4755
4766
4756
4767
4757
4768
4758
4769
4759
4770
4760
4771
4761
4772
4762
4773
4763
4774
4775
4765
4776
4766
4777
4767
4778
4768
4779
4769
4780
4770
4781
4771
4782
4772
4783
4773
4784
4774
4785
4775
4786
4787
4777
4788
4778
4789
4779
4790
4780
4791
4781
4792
4782
4793
4783
4794
4784
4795
4785
4796
4786
4797
4787
4798
4799
4789
4800
4790
4801
4791
4802
4792
4803
4793
4804
4794
4805
4795
4806
4796
4807
4797
4808
4798
4809
4799
4810
4811
4801
4812
4802
4813
4803
4814
4804
4815
4805
4816
4806
4817
4807
4818
4808
4819
4809
4820
4810
4821
4811
4822
4823
4813
4824
4814
4825
4815
4826
4816
4827
4817
4828
4818
4829
4819
4830
4820
4831
4821
4832
4822
4833
4823
4834
4835
4825
4836
4826
4837
4827
4838
4828
4839
4829
4840
4830
4841
4831
4842
4832
4843
4833
4844
4834
4845
4835
4846
4847
4837
4838
4839
4840
4841
4842
4843
4844
4845
4846
4847
)


// ************************************************************************* //
